nep 1 Si 
cutoff 5 5 53 53
n_max 15 15
l_max 4 
ANN 50 0
 -2.7213769e+00
  2.2756283e+00
  6.9942635e-01
  1.0971943e-01
 -2.0407364e+00
 -6.1079538e-01
 -6.2081676e+00
  1.3343323e+00
 -1.5580480e+00
 -2.1185014e+00
 -2.2116663e+00
 -1.0751654e+00
 -2.1214293e-01
 -4.4583037e-01
  1.0280313e-01
  4.4233119e-01
 -6.7334361e-02
 -1.5001830e+00
  8.0027264e-01
  1.1106558e+00
  1.4204973e+00
 -9.5361084e-01
 -1.4202361e+00
 -6.4247942e-01
  1.8560180e-01
 -7.4841768e-02
  3.3219588e-01
 -1.4911607e-01
  4.5065194e-01
 -3.9507098e-02
  4.7870513e-02
 -4.3633622e-01
 -1.1552292e+00
  1.5538096e+00
  2.7139872e-01
  4.7595930e-01
 -8.7890577e-01
  2.2930908e-01
 -8.1948751e-01
 -9.8102731e-01
  4.2701298e-01
 -6.8017703e-01
  5.0128156e-01
  1.0954659e+00
  5.5543754e-02
 -2.2863431e-01
 -8.3855474e-01
 -3.2655564e-01
 -1.8236637e+00
 -1.1049221e-01
 -7.9581016e-01
  3.5775154e+00
 -6.4326364e-01
  3.7393314e-01
  8.1053090e-01
  2.1608641e-02
 -3.4739617e-01
 -5.5680823e-01
  1.5028901e-01
 -5.6772288e-02
  6.1254170e-02
 -1.1712039e+00
 -4.8592550e-01
 -2.2173622e-01
  1.2182344e+00
  1.4549844e+00
 -9.4636393e-01
 -1.4253209e+00
 -3.6211662e+00
  5.4195315e-01
 -1.6293815e+00
  1.9074460e+00
  2.9680219e-01
  7.9808033e-01
 -1.4204233e+00
 -3.4976986e-01
  2.1100151e-03
  6.1165559e-01
 -3.6292604e-01
  1.3038816e-01
 -6.4545768e-01
  1.8655803e+00
 -2.0516911e+00
 -7.0349023e-02
  1.4879773e+00
 -1.0015259e+00
  7.3418510e-01
  1.1944473e+00
  7.8655338e-01
 -5.8703279e-01
  1.1035019e+00
  1.7212744e+00
  8.0649465e-01
 -9.6777546e-01
  6.8345112e-01
  4.0342656e-01
 -2.7145070e-01
  7.1089709e-01
  1.1235975e+00
 -2.5539687e-01
  1.2022365e+00
 -7.1897775e-02
 -9.8446553e-06
 -9.2637342e-01
 -4.0297905e-01
 -3.6818832e-01
  2.2205198e-01
 -8.4145181e-02
  1.6148239e-03
  5.8557566e-02
  1.5741935e-01
 -6.7961797e-02
  3.8959652e-01
  1.4909693e+00
  4.4971907e-01
 -7.5706863e-01
  6.8951172e-01
  4.5631226e-02
 -3.9304203e-01
 -1.0118206e-02
 -1.6601920e-01
  1.8074038e-02
 -1.5657383e-01
  1.0185720e-01
 -8.9929901e-02
  9.6030027e-02
 -3.0276844e-01
  2.3448956e-01
 -1.1350582e-01
  2.9067811e-01
  3.0907238e-01
 -1.8772689e-01
  5.7139695e-01
  3.1338099e-02
  1.0446423e+00
 -1.3400103e+00
 -4.8796782e-01
  4.1909733e-01
  3.6958024e-01
  1.1826106e+00
 -9.8037645e-02
  4.2709112e-01
  7.6231868e-03
  5.4280049e-01
  5.7959235e-01
 -1.9529669e-01
  1.0583014e-02
  2.0065414e-02
 -1.8664233e-01
  3.7293378e-01
  1.8126498e-01
 -4.9314490e-01
  2.0966320e-01
  1.4369994e-01
 -2.8699684e-01
  1.9228347e-02
 -2.0198476e-01
  3.9105433e-01
  3.8979091e-03
  3.5607448e-01
 -5.1364404e-01
 -3.1840041e-02
  4.8934323e-01
  5.4526472e-01
 -1.5289966e+00
  9.0211399e-02
 -2.4789282e-05
 -7.4636829e-01
  1.2050260e-01
 -2.0533003e-01
  1.1617442e-01
 -5.3408784e-01
  1.5752664e-01
  2.3969191e-01
  1.7002341e-01
 -1.9465357e-01
  3.2201281e-01
 -2.1149616e-01
 -7.4769996e-02
  4.0602964e-01
 -1.8628117e-01
 -1.7368396e-01
  2.8965273e-01
 -2.1607119e-01
  9.6881166e-02
  3.8811675e-01
  7.6543272e-02
 -2.9528470e-05
  6.4262666e-02
 -4.0634498e-02
  3.9210115e-03
  1.8933615e-01
 -6.8662412e-06
 -7.9089946e-01
 -4.6269234e-02
  2.4145848e-01
 -9.7105049e-02
 -4.2516167e-05
 -8.0875754e-01
 -2.5047758e-01
  1.3147685e-01
 -3.4146741e-01
  4.8137143e-01
 -1.0235026e-01
  1.9285616e-01
 -2.2446562e-01
  8.7226930e-05
 -1.4602674e-04
 -5.3485960e-01
 -1.4884555e-01
 -1.0031492e-04
 -5.3132004e-01
  6.1194822e-02
  2.0827411e-02
 -3.0631554e-01
 -7.2606593e-02
 -1.9092622e-01
  1.0051420e+00
  1.6607207e-01
 -2.7687865e-01
  8.7124206e-02
 -3.7077510e-01
  4.4569677e-01
 -4.9410656e-01
 -6.3288100e-02
  1.2628214e-01
  6.0985885e-03
 -1.9613309e-01
  1.5788381e-01
 -2.7557322e-01
  9.7708786e-01
 -1.4249147e-01
 -1.4677819e+00
  3.5889629e-01
  2.2692138e-01
  3.1101945e-01
 -2.7982593e-01
 -8.8945970e-02
  1.5649740e-01
 -1.8950312e-01
 -2.7692437e-01
 -1.5148213e+00
 -2.8255874e-02
 -1.5406641e-01
 -4.0665045e-01
 -5.4695714e-01
 -1.6847961e-02
 -1.1987501e+00
 -4.2836347e-01
 -7.1177460e-02
 -1.2797298e-05
 -7.7084497e-02
 -3.8878617e-01
 -9.4901294e-02
 -2.1287218e-01
 -4.4755753e-02
 -5.7396590e-04
 -8.0999619e-01
 -1.1385473e+00
 -8.2409126e-05
  7.7841783e-01
 -1.6740944e-03
 -3.8646731e-06
 -3.3058646e-01
 -4.3219116e-01
 -3.4603921e-01
 -3.2331292e-02
 -1.8218575e-01
 -3.7199064e-04
 -3.4296124e-03
 -7.4726999e-02
 -1.1482976e-02
  4.1899240e-01
 -9.7024327e-05
  1.8623856e+00
  1.5517466e-01
  7.4132615e-05
 -7.1588868e-01
 -8.2632232e-01
  8.0032006e-02
 -1.4358115e-05
  3.4217042e-01
  3.5646993e-01
  6.3964826e-01
  1.6078269e-04
  5.2984498e-05
  3.8407296e-02
 -1.3922058e-01
  7.4401195e-03
  3.8643625e-01
 -6.0926721e-04
  3.4299451e-01
  2.6215416e-01
 -3.4759709e-01
  8.3471080e-03
  7.2776288e-01
 -3.9312981e-05
  5.8330238e-01
 -3.5025200e-01
  1.3758138e-01
  3.8884830e-02
 -2.8321234e-04
  1.4215723e-01
 -1.1926833e-01
  2.6023462e-01
  1.5413186e-01
 -3.1815669e-01
  1.3020281e-01
  9.6433185e-02
 -3.0675089e-01
 -3.7913777e-02
  4.4437721e-01
 -5.3545479e-03
 -3.7515387e-05
 -4.3821740e-03
  1.1695986e-05
  1.8226804e-01
 -2.5149116e-01
  8.6135631e-05
  6.0410216e-03
 -2.5343155e-02
 -2.4533345e-01
 -2.7752960e-01
  2.4392374e-01
 -7.7312696e-03
 -5.0155562e-01
 -3.7168987e-02
 -8.2958513e-01
 -1.3496707e-01
 -4.6826553e-01
  4.0602341e-01
 -2.8103375e-01
  7.6987141e-01
 -1.7620280e-01
 -3.0811685e-01
 -2.0091887e-01
 -2.1672367e-01
  2.9544973e-01
 -2.3012552e-01
  5.3496480e-01
  5.6733992e-02
 -1.8031789e-01
  9.0858772e-02
 -3.8643237e-02
  1.2068358e-01
  1.1742376e-04
  1.6805731e-02
  1.1326788e-01
  1.4811534e-03
  2.8429266e-02
  1.1673351e-01
  1.1885577e-01
 -2.6065093e-01
  1.0327969e+00
  1.7409314e-01
 -2.8573129e-01
 -2.1033006e-04
  2.6271150e-01
 -8.6049011e-05
 -3.9384821e-01
 -1.1782737e-01
 -5.6719476e-01
  3.6181889e-02
 -5.6213144e-02
 -1.7817011e-02
  2.1965198e-02
  5.8730405e-02
 -1.9041698e-01
  3.3774026e-02
  2.8147510e-01
  3.2344538e-01
 -1.2764855e-01
 -3.4568498e-01
 -2.9157924e-02
 -2.0997597e-01
 -4.8244712e-03
 -2.1982787e-03
 -5.2106801e-02
  7.5396627e-02
  5.1986169e-02
  4.8355350e-01
  9.9354520e-02
  2.9589838e-01
  2.1485519e-01
 -4.1728611e-03
  2.0526879e-01
  4.2494263e-02
  3.9022493e-01
  1.4813431e-01
 -6.7095411e-01
  1.0808181e-02
 -1.4951168e-01
  7.5324881e-01
  1.9055218e-02
 -2.0969081e-01
 -2.1730507e-04
 -1.6590543e-02
  1.8530880e-01
  5.5269424e-02
  4.1395712e-01
  2.8900761e-04
 -1.1165073e-02
  2.8169653e-01
  1.8824784e-01
 -2.0984618e-01
  2.4463978e-01
  3.8556483e-01
  4.8452563e-05
 -1.8478027e-02
  5.1717544e-01
  3.8508017e-02
 -2.7442171e-04
 -1.6207489e-01
  2.4049748e-01
 -3.1504551e-01
  8.6502418e-02
  1.7245592e-01
 -3.4783345e-01
  1.4356960e-01
  1.7378761e-01
 -9.9668764e-02
 -5.8281785e-01
  1.7042466e-02
  3.7362713e-02
 -1.4406757e-01
  3.5088186e-05
  1.6122492e-01
 -4.6624169e-02
 -1.2315726e-01
 -3.2506641e-02
 -1.7905276e-04
  4.1565895e-01
 -3.5720378e-02
 -6.4925438e-01
  2.6626047e-01
  7.0272766e-02
 -1.1688364e-01
  1.1146243e-03
 -6.1370332e-02
  9.1697484e-02
 -5.0330471e-02
 -3.8530320e-02
 -3.0084018e-02
  5.3979433e-01
 -2.3163047e-01
 -3.2583661e-02
 -6.3513578e-03
  2.3126754e-01
 -7.9832882e-02
  3.2523707e-01
  3.6475765e-05
  3.1393769e-01
 -5.1358100e-02
 -1.1758018e-01
  2.2678098e-01
 -3.2760191e-01
 -3.1761491e-01
  1.2931153e-01
 -1.4261073e-02
 -4.5815438e-02
 -3.5230288e-01
  2.3866321e-01
  2.0288485e-01
 -6.3752875e-02
 -1.7174539e-01
 -5.9661210e-02
  5.2088700e-02
  2.6804015e-01
 -1.6552854e-01
  9.6980308e-05
 -1.7470356e-04
 -5.7268083e-02
  1.4370236e-01
 -1.6295154e-02
  3.4763381e-02
 -3.6347140e-02
 -8.8563643e-02
  7.8606643e-02
 -2.0181569e-01
 -9.1383360e-02
  5.6985295e-01
  2.5597501e-01
  4.0859472e-02
 -3.9733928e-03
  9.0552366e-01
  3.4328800e-01
  3.5560349e-04
 -1.9242434e-02
  9.8178685e-03
  1.1790503e+00
 -1.2892216e-01
  7.7988915e-02
 -4.3201473e-01
 -1.8755163e-01
  1.1590027e-01
  1.5756081e-01
  5.2437209e-02
  3.5516745e-01
 -2.0148994e-01
  1.0000628e-01
 -1.8353304e-01
  1.1602133e-01
 -6.8965828e-01
  3.0091457e-04
 -2.8828459e-03
 -3.0212328e-01
 -3.8943114e-03
 -2.5114781e-01
 -3.2726082e-01
  5.6630407e-02
  7.7188559e-02
  2.4192111e-01
  9.4348276e-03
  2.7409837e-01
 -5.4531407e-01
  1.6327146e-01
 -1.1057085e-01
  1.1333884e-01
  7.7355959e-02
 -2.0223936e-01
  1.1759918e-02
 -7.0951007e-02
  1.4814726e-04
 -1.1393443e-02
 -2.1329278e-01
  2.4551966e-03
  3.0136114e-02
 -2.0694768e-03
 -2.5957024e-01
  5.3606540e-01
 -3.1788215e-01
  8.3928958e-02
 -7.0621201e-05
  1.8239921e-01
  6.0232431e-01
 -6.0912818e-03
 -2.7790865e-01
  3.1619406e-01
  7.2065101e-04
  3.9617479e-01
 -6.3449837e-02
  1.3608782e-01
 -2.6502786e-03
  9.3141437e-02
 -3.9764591e-06
 -4.0940556e-04
  7.6272003e-02
 -2.0910596e-02
  3.1025231e-02
  1.0355415e-01
 -4.2014626e-01
 -1.0880200e-02
 -3.2085456e-02
 -6.1403394e-02
  3.6993268e-01
  4.6767201e-02
  2.9010214e-02
 -1.7411578e-03
  7.2334609e-05
  4.0332161e-02
  2.1727858e-01
  4.4429556e-02
  4.3251690e-01
  1.4407061e-01
 -2.6003560e-02
  1.8215598e-01
  6.5127188e-01
 -5.7581955e-01
 -2.0000094e-05
  1.2965116e-01
  3.6072659e-05
  1.7494610e-01
  6.1353407e-05
  2.3102336e-01
 -4.0600542e-02
  2.3440255e-01
 -5.4952759e-01
  6.7153931e-05
 -8.7504840e-01
 -9.0421790e-06
 -1.0942669e-05
 -4.7149170e-02
  3.4555382e-01
 -9.8751312e-05
  1.5934980e-05
 -5.1824909e-06
  1.0156175e-01
 -1.0158277e-04
 -7.0126182e-05
  3.4899984e-02
 -2.2992343e-01
 -7.4669398e-02
 -1.0370387e-04
  6.5976063e-05
 -2.6176780e-01
 -1.6785877e-04
 -1.9560833e-04
  3.4166957e-04
  1.2078332e-01
  5.8240240e-04
 -4.6663990e-06
 -4.8184753e-03
  4.9074259e-01
 -2.5583386e-01
  5.0310893e-05
  4.3626755e-04
 -2.6151526e-01
  7.8469068e-02
 -3.3079416e-01
 -2.1416220e-01
 -3.6342498e-02
 -6.5543190e-02
 -6.4014108e-05
  1.1348533e-04
 -2.3006973e-05
 -3.7630966e-03
  5.6619701e-06
 -1.2185657e+00
 -1.3010332e-04
 -1.0737521e-01
  1.0661386e-04
 -4.1260626e-02
 -2.7905061e-04
  1.0282490e-01
  8.6713707e-01
  4.0047027e-05
  8.5070616e-01
  2.4411492e-01
  1.3426745e-04
  8.6156928e-05
  1.9829978e-04
  1.3259878e-04
 -2.3412512e-04
  9.9902672e-07
  2.1332283e-01
 -2.9469903e-03
  2.5177535e-02
  8.4330118e-01
  2.2568885e-02
  2.6630023e-01
 -8.2293236e-01
 -3.0813596e+00
 -5.0267321e-01
  2.4049571e+00
 -1.3892311e+00
  7.5851381e-02
  8.6082840e-01
  1.5494930e+00
  1.1797652e+00
  5.4243051e-02
 -6.7948282e-01
 -1.3360370e+00
 -6.4420420e-01
  7.8607714e-01
  1.8596761e+00
 -1.0529330e+00
 -8.4984479e-03
 -3.1707284e-01
  4.1425905e-05
 -2.2483806e-03
 -5.6960207e-01
  4.2448005e-01
  6.7678332e-01
  7.3132418e-02
 -7.4255332e-02
  4.3582128e-05
  8.5052498e-02
  1.8317791e-02
  2.8369913e-04
 -1.2538520e-01
 -1.4033876e-01
 -1.9036723e-02
  4.8587750e-05
  2.9979157e-05
 -1.0110086e+00
  5.8385152e-01
 -8.2515323e-01
  3.2299677e-01
  4.6178335e-05
 -1.2679322e+00
  1.0547613e-01
 -2.0604772e-02
  1.2643108e+00
 -9.6279567e-01
  1.3124661e-01
 -8.5137665e-01
 -3.9774913e-01
 -3.7615955e-02
  3.4868431e-01
 -1.5536359e-01
 -1.4394677e-01
  7.4923798e-02
 -1.4223062e+00
  4.8130354e-01
  8.2405865e-01
  2.3629107e-04
  4.1913912e-02
  4.1669330e-01
  3.9607072e-01
  8.2377298e-03
 -2.8369740e-01
  3.6384046e-02
 -6.2605542e-01
 -2.5297812e-01
  5.6957042e-01
 -1.3154054e+00
 -3.6991021e-01
  1.3411825e+00
 -1.4404905e+00
  8.9067310e-01
  2.3806745e-02
  8.7979369e-02
 -3.3009806e-01
  9.3367630e-01
  4.6641034e-01
 -3.6915120e-01
  4.6648043e-03
 -2.3840952e-01
 -1.5870069e-01
 -9.1103226e-02
  2.5255972e-01
 -5.1850623e-01
  7.0186161e-02
 -4.9389890e-01
 -4.1557518e-01
 -3.5627368e-01
 -7.8635979e-01
 -1.7936635e-01
 -4.8605189e-01
  5.7507198e-02
  5.0250750e-02
 -3.0660838e-01
 -3.6372074e-03
 -4.7752881e-01
  2.1840947e-02
  9.7908370e-02
  3.9073844e-02
 -2.8194359e-01
  2.0118348e-01
 -6.6025817e-01
  5.2161521e-01
  2.4216816e-01
  6.6630417e-01
 -3.6603201e-02
 -5.5724847e-01
 -6.6598631e-02
  6.8187928e-03
  5.5237971e-02
 -6.1509083e-03
  8.1958756e-02
  1.1276880e-01
  1.1618859e-01
  6.5801993e-02
 -5.3421181e-01
 -1.2728333e-01
 -4.3870840e-02
  1.4760002e-01
  4.4285238e-02
 -1.0775433e+00
 -8.2728960e-02
  6.7499566e-01
 -1.0677181e-01
  1.0222279e-01
  1.7109035e-01
 -4.4355128e-02
 -9.5936663e-02
 -1.0613552e-01
 -6.2585354e-02
 -4.8396081e-02
 -2.8202382e-01
  4.8892048e-01
 -3.5865772e-01
 -4.4932142e-02
 -6.2849753e-02
  3.3918366e-01
 -1.9254075e-01
 -3.1247759e-01
 -1.9032642e-01
  2.3880562e-01
  1.6907702e-01
  3.1286046e-01
 -1.9938187e-01
 -5.5967964e-02
 -6.4791879e-04
  5.1669264e-01
 -2.8007099e-01
  8.4086895e-02
 -8.9518793e-02
  3.5113350e-01
 -1.0501794e-02
  2.7111106e-02
  4.1433942e-02
  9.0537978e-05
 -1.2987639e-01
 -2.6240841e-01
 -6.9512993e-05
  7.0181036e-01
  2.6169160e-01
 -3.4139978e-03
 -9.9019624e-02
 -3.7835693e-01
 -2.2771619e-01
 -1.6305237e+00
 -4.4012353e-02
 -2.9980714e-02
  1.7952301e-05
 -1.5427746e-01
 -1.7412736e-04
 -6.1534218e-02
 -7.1415864e-02
 -1.6391842e-01
 -1.4261090e-02
  2.4597310e-03
 -6.1505210e-02
 -1.1937768e-04
 -2.4330543e-02
 -4.2310861e-04
 -9.9135667e-01
 -1.9679120e-01
 -8.9010580e-05
  1.9363353e-04
 -8.9489363e-02
  5.6933814e-01
 -7.7392347e-02
  5.6730948e-02
  7.6201238e-02
 -3.9517742e-01
 -9.3570724e-03
 -4.1171002e-06
 -3.0942174e-02
 -6.7436806e-04
 -8.4945723e-02
  1.5497157e-02
  2.9016748e-01
 -1.5003444e-03
  4.0467829e-02
 -6.9972952e-03
 -2.6230256e-03
  2.5368342e-04
  1.1026082e-02
 -4.0817112e-04
 -1.1104421e-01
  7.7570476e-02
 -5.1779351e-03
  4.0649566e-01
 -7.1494676e-02
  8.0451183e-04
 -7.5221270e-02
 -2.4178550e-01
 -2.7937540e-01
  3.0722028e-01
  9.3467366e-03
 -3.4546934e-02
 -3.0070764e-04
 -1.6704012e-02
 -3.2567081e-01
 -9.0241887e-02
 -5.5470318e-02
 -1.9524055e-02
 -5.2793611e-02
  1.2716351e-01
 -3.8643755e-02
 -1.0850505e-01
 -1.3763909e-01
 -4.3883938e-03
  5.3015333e-02
 -7.9302430e-05
 -2.4269368e-02
  6.4076796e-02
 -7.2898278e-05
 -6.1182116e-05
 -3.2349154e-01
 -3.9479313e-05
  2.6203028e-04
 -9.7162789e-03
  1.7881196e-02
 -3.9418566e-05
 -4.3955384e-05
  2.6516282e-04
 -2.8294869e-04
  3.0269716e+00
  2.4140842e+00
 -5.0425112e-01
  8.2643974e-01
 -4.4396818e-03
 -2.9542842e+00
  1.8469031e+00
 -1.8619844e-01
 -7.6341015e-01
  1.0041889e+00
 -4.8069751e-01
  6.7942046e-02
  1.7360271e-03
  1.0833269e+00
 -1.8648529e-01
 -6.5118062e-01
 -1.3262495e-01
 -7.1589869e-01
 -1.2438735e-01
 -4.6974173e-01
 -3.5708216e-01
  5.3362089e-01
 -5.3250855e-01
  3.8424590e-01
 -3.1493193e-01
 -1.6636005e-01
 -3.6280400e-01
 -1.8745485e-01
 -3.3954453e-01
 -3.1074935e-01
 -1.5478907e-02
  1.9270035e-02
  2.2710852e-04
 -6.9503516e-01
  8.9602880e-02
 -3.6371937e-01
  4.6864079e-04
  5.2892781e-05
 -4.4523633e-01
  6.0564286e-01
 -4.8948805e-06
 -5.2634142e-02
 -3.7508440e-01
 -2.0397645e-01
  1.5785027e-01
 -4.9512875e-03
  1.4922801e-01
 -1.5705866e-01
 -6.1979957e-02
  6.8637037e-01
  5.1447803e-01
 -1.1745806e-01
  2.2065924e-02
  1.5910974e-02
 -3.0011114e-01
  1.0656116e+00
 -1.1207747e+00
  5.7941467e-01
 -1.4366190e+00
 -1.7054909e-01
 -1.3409135e+00
 -4.7329556e-02
  2.9659292e-01
  6.9660920e-01
 -3.8401741e-01
  2.8990310e-01
  1.1916985e-01
 -4.1863555e-01
 -6.7440346e-02
 -1.6413020e-01
 -2.3094581e-01
  1.5879351e-01
 -1.2620612e-02
 -1.1470922e-01
  1.1797208e-01
  4.3520331e-06
 -2.6426387e-01
  9.5090951e-04
 -9.5632344e-02
 -2.7895326e-02
  2.7668965e-01
 -1.8524173e-01
  3.7363753e-01
  4.7631925e-01
  9.6572524e-01
  1.0630424e-01
  2.7905321e-01
  2.3045251e-01
 -5.4999346e-01
  4.7641876e-01
 -4.3083648e-05
 -1.7481799e-01
  1.5353891e-01
  5.0951494e-06
  3.3455530e-05
  3.3406712e-05
 -2.5214640e-05
 -6.0745468e-05
  1.5675249e-05
 -6.8537215e-06
 -3.4107992e-01
  2.7787110e-01
  1.0328430e-05
 -4.9578869e-03
 -7.1284536e-05
 -7.8898127e-04
  7.3517904e-02
 -1.3536980e-04
 -1.5619768e-05
  6.2903546e-06
 -7.5177835e-05
 -2.7314240e-01
 -1.4121118e-02
 -2.6892906e-01
 -3.8710085e-01
 -1.3302819e-01
 -1.9075669e-05
 -5.5323409e-05
 -1.7882034e-04
  1.7729481e-05
 -1.3808469e-05
  5.6902211e-02
  5.7531703e-01
 -1.8475793e-04
 -3.8390092e-04
 -2.9219186e-01
  1.2109667e-02
 -1.4697610e-02
  8.3274461e-02
  2.9462638e-01
 -3.6145669e-01
  2.6200247e-01
  6.7716690e-05
  3.8208917e-01
  1.3051878e-04
  2.8748624e-04
 -3.0103212e-05
 -2.5761602e-02
  4.4943336e-05
 -4.1789523e-01
  3.9532563e-01
  1.4695896e-01
 -3.9668685e-01
 -2.0271230e-01
 -1.5153606e-05
  1.2283747e-04
 -7.0230788e-01
  1.9478769e-04
  2.3183567e-05
 -3.8642216e-01
  1.0864354e-01
 -1.3620385e-05
 -3.8692644e-05
 -1.5349577e-01
  2.2640439e-02
 -2.3472697e-01
  1.5422302e-05
  1.5846561e-03
 -6.7472197e-02
 -1.5381348e-04
 -1.9132476e-01
  2.3224162e-01
 -3.5287414e-02
  8.3077854e-01
  1.1262003e-01
 -5.9230465e-01
 -3.8530450e-02
  4.1773771e-03
 -1.0222606e-01
  7.4444674e-02
  4.4205931e-01
  4.1663781e-02
  1.5384884e-01
  2.1305892e-01
 -6.9080599e-02
 -1.4545493e-01
  1.1092894e-01
 -6.0804684e-02
  1.8033193e-02
  1.7468573e-01
 -2.1695165e-01
 -6.2961482e-02
 -1.1356567e-01
 -2.3419872e-01
 -1.1165614e-01
 -1.2066730e-01
  1.3644494e-03
  6.8413396e-04
 -1.8649739e-01
 -7.7833990e-03
  1.3286060e-01
  3.4133650e-02
  2.8469380e-02
 -4.7466627e-01
  1.7823957e-02
  1.7176554e-01
 -2.6276410e-01
 -2.4702138e-01
  9.6330479e-02
  6.6356838e-02
 -2.4384156e-02
  4.4588005e-04
 -4.0569672e-01
  4.8298725e-01
 -2.1401747e-01
  1.2476757e-01
 -1.1967400e-01
  8.3736710e-02
  2.2229551e-01
  1.2121579e-01
 -5.0416434e-01
 -3.9148572e-01
 -8.4469758e-02
  2.0863569e-01
  7.7543326e-02
  5.0325401e-02
  1.0084403e-01
  4.4284365e-01
 -2.7879277e-02
 -1.7674540e-01
  3.5072234e-01
  6.7333639e-02
 -2.1640470e-03
 -5.0072201e-02
  3.8896942e-01
 -2.1335524e-01
  3.7230325e-01
  1.9569609e-01
 -1.0593803e-01
  1.0544188e-02
  7.7859759e-02
 -2.1322525e-01
 -5.4081209e-02
  1.6870286e-01
  1.9910139e-01
 -1.3898912e-01
  6.3056573e-02
  5.1148437e-02
  6.0458273e-02
 -1.5742220e-01
 -5.4384764e-02
  3.3342570e-02
  1.4242533e-01
 -1.6380244e-04
 -2.0952849e-03
  6.3838422e-01
  9.8664604e-02
 -2.1244688e+00
  8.9614409e-01
 -2.2244151e-01
 -9.5100325e-01
 -2.0222377e-03
  1.2117767e+00
  5.7144385e-05
 -5.3663133e-03
  6.8911350e-01
 -1.2392095e-01
 -3.1277034e-01
 -5.6012350e-01
 -1.8156202e-04
 -8.8757326e-05
 -4.2486590e-05
 -2.6801878e-04
 -9.5072322e-02
  5.8847922e-01
  4.1546828e-05
  2.3178224e-04
  1.9641842e-04
 -3.2005795e-05
 -6.4814849e-05
  7.3662290e-05
 -2.1754198e-02
  1.6158549e-06
 -4.7806276e-05
 -8.1295155e-05
 -9.1885449e-06
 -8.5262400e-05
  2.6022233e-02
  1.7004885e-01
  1.9979883e-04
 -5.6107161e-05
 -5.3353216e-02
 -1.9187300e-01
 -4.4764380e-04
 -6.6998953e-01
 -3.1917241e-01
 -2.9421583e-02
 -2.4741846e-01
 -4.7010235e-02
  4.0199462e-05
 -9.8136858e-05
 -3.6730856e-01
 -5.0315284e-05
 -1.2413138e-06
 -7.4622244e-02
 -4.4051775e-01
  1.6168588e-01
 -3.2956981e-05
 -2.1820875e-01
 -4.0206355e-01
 -5.9926015e-01
 -1.1112349e-04
  1.6273598e-05
  2.6717737e-01
 -1.6709394e-04
 -8.0187553e-01
  1.4942452e-02
 -6.7776382e-01
  8.3546183e-05
  1.7693146e-01
 -7.9771198e-02
 -6.3793792e-05
  1.5833936e-04
 -4.6215482e-02
  5.3260420e-02
 -1.1939421e-05
  2.2314170e-02
  3.1437001e-01
 -6.5905456e-06
  7.0818585e-01
 -6.3254690e-01
 -1.9811541e+00
  5.1727426e-01
 -1.0403085e+00
 -9.6332359e-01
  5.1499457e-05
 -1.4355183e+00
 -1.0202532e-02
 -1.7352222e-01
 -3.7739065e-01
 -7.3749371e-02
 -5.0355309e-01
  3.4814795e-05
 -4.9476597e-02
 -2.4714826e-02
 -3.3310211e-01
  1.9349017e+00
  3.1774220e-04
  1.0560455e+00
  8.1577128e-01
 -3.5053741e-02
 -7.2538269e-01
  2.9818487e-01
  3.4851217e-01
 -5.2395120e-05
  4.1769189e-01
  3.2049981e-01
  2.3753676e-01
  3.7366438e-03
 -3.8785420e-04
  5.0755567e-03
 -1.4837092e-01
  1.0027547e+00
  3.8315815e-05
  1.7477326e-01
  1.1228186e+00
 -3.5567343e-01
 -2.4946154e-05
 -1.9758991e-04
  1.4380967e-05
  1.0430722e-05
  5.4003382e-01
 -4.9182883e-01
 -2.5663599e-03
  2.7799534e-02
 -1.2429902e-02
 -7.5596231e-06
  3.2886190e-03
  1.2398931e+00
  8.6134069e-02
 -6.1415648e-01
  4.9777923e-04
 -1.3768807e-02
  2.6870528e-05
  1.0147328e-02
 -5.2942038e-01
 -3.5070753e-01
 -1.4354677e-01
  4.8556879e-02
 -1.1124662e-01
  1.0785434e-01
  4.2885306e-01
 -1.9414601e-01
  3.1930327e-01
  8.4090859e-01
 -6.8672071e-04
  3.3820015e-01
  5.2560180e-01
 -2.2216236e-02
  6.4403552e-04
  1.7543961e-04
 -3.8424414e-03
  7.7835738e-04
 -1.1849076e-05
 -3.0046226e-02
  9.1501372e-03
 -6.0021065e-02
 -9.0381109e-05
  1.0603565e-04
 -1.4031754e-01
 -3.1448156e-02
  4.9274076e-02
 -1.7893973e-01
  4.6689835e-01
 -4.1786551e-01
 -1.1135645e+00
 -5.1015962e-02
 -1.2087011e+00
 -9.5978022e-02
  7.6700163e-01
 -6.2107328e-02
  4.3105951e-01
  2.4900988e-01
 -2.2611426e-02
 -5.6515515e-01
  9.2951305e-02
 -1.0369143e-04
 -2.6043403e-01
 -1.5281835e-01
 -7.2085911e-01
 -6.6127986e-02
  2.7838239e-01
  5.4123503e-04
  3.0777416e-01
  1.4464376e-05
 -1.0574953e-05
  4.7134545e-02
  2.3124449e-01
  2.4184203e-01
 -1.6010055e-01
 -8.5492685e-02
 -1.3365370e-01
 -8.4217317e-02
 -2.3652287e-01
 -4.9991930e-01
 -2.0842807e-01
 -5.2947951e-05
  2.4274856e-02
 -4.8505774e-01
 -2.8806627e-01
 -2.4820200e-01
  1.9330396e-01
  6.8100572e-02
  3.7933598e-06
  3.2329164e-02
  4.5729094e-04
 -4.9897400e-03
 -3.5737757e-02
  1.1585180e-01
  1.1062217e-01
 -1.1824486e-02
  4.2549002e-01
 -1.0340002e-01
 -7.8716978e-02
  1.0681434e+00
 -5.2313972e-01
 -5.2467793e-01
 -1.1359477e+00
 -1.1783481e-01
  6.1998129e-01
  9.7116508e-02
 -2.4999992e-04
  1.1606738e-01
  1.8674479e-01
  6.5383083e-01
  3.3279698e-02
  1.4307529e-01
 -1.1167643e-01
  5.8708835e-02
 -1.0840294e-01
 -4.2366344e-01
  1.6950127e-01
  8.2720272e-02
  2.3793069e-01
 -8.1330746e-01
  2.7871850e-01
 -4.7937596e-01
 -1.8734187e-01
  1.0539162e-01
 -1.4597012e-01
 -3.3823336e-03
 -1.7785501e-01
  3.2093473e-02
 -6.0086554e-01
 -2.1397863e-01
 -4.1335810e-02
  3.3366002e-02
 -1.5757496e-02
 -4.8542422e-01
  8.2889813e-01
 -1.2685415e-01
 -4.4965941e-01
 -4.4477498e-03
 -1.4480107e-01
 -4.7204477e-01
 -3.3224442e-05
  4.4561726e-01
 -1.1384421e-01
  1.2028193e-01
 -6.4662505e-05
  1.5044960e-04
  4.8397559e-01
  9.2491604e-02
 -2.4851589e-03
 -2.2032757e-03
  3.8564360e-01
 -2.3022546e-02
 -1.1028083e-02
  4.6643779e-01
 -1.7394395e-01
 -6.6926450e-02
  3.2175131e-02
 -3.3108163e-01
 -4.6951127e-01
 -1.0256509e-01
 -1.2509266e-04
 -2.9966331e-04
  2.8741196e-01
 -1.3442599e-04
 -5.6903154e-02
 -4.6941923e-06
 -9.6710227e-02
 -3.0325592e-01
 -2.1150891e-01
 -5.3830731e-01
 -7.3663410e-05
 -2.0033574e-01
 -1.6006721e-05
  4.1546860e-01
  5.0123237e-02
 -7.0947618e-04
  1.2425760e-02
 -3.4531970e-02
 -3.4601822e-02
 -1.1773945e+00
 -1.8927006e-01
  2.2512986e-01
 -1.1420091e-01
 -6.9772907e-02
 -3.9318682e-05
 -1.3247925e-01
  3.3290133e-01
 -6.6102073e-02
 -2.9191703e-01
  3.9168188e-01
  2.5963743e-04
  2.4329646e-01
  2.7310297e-02
  1.0827530e-01
 -3.4724614e-01
 -3.9828750e-01
  4.4336441e-01
 -1.8477075e-02
 -3.9393446e-01
  4.0431643e-01
 -9.2928067e-06
  5.0966072e-01
  1.7699520e-01
 -3.0494751e-02
 -9.8619469e-02
  4.4823486e-01
  7.1122450e-01
  9.3909407e-01
  5.2002805e-01
 -1.6052465e-01
 -2.5602877e+00
 -1.4198222e+00
  5.0927240e-01
  3.0663362e-01
  6.0447115e-03
  2.3783534e+00
  1.2124138e+00
  2.5669968e+00
 -1.7790757e-01
 -1.5906786e+00
 -2.0249367e+00
 -1.6341852e+00
  2.1479486e-02
  1.8807856e+00
  2.8908717e-02
  9.8291123e-01
 -6.2267578e-01
 -1.0889848e-03
 -9.8039031e-01
 -2.5004211e-01
 -1.1394474e-04
  1.0023037e+00
  3.4168044e-01
  1.3808606e-03
 -4.5043328e-01
 -1.4580555e-01
  1.2964298e-01
  7.8589052e-01
  1.3945005e+00
  6.5919346e-01
 -1.7103369e+00
  3.8558689e-01
 -3.6441365e-01
  1.0835094e+00
  6.4234161e-01
  1.6239154e-01
 -2.2254999e-01
 -4.8258811e-01
  7.0471473e-02
  2.1323459e-01
  1.5234609e-01
 -1.9101204e-01
 -7.7260606e-04
  2.2382808e+00
 -1.5599163e+00
  2.3039329e-01
  3.2049693e-02
  7.9994017e-01
 -2.5473049e-01
 -1.4730620e+00
 -3.2388944e-02
  8.8065422e-01
 -7.7897978e-01
 -7.0296854e-01
 -1.6492710e+00
 -9.6412355e-01
 -6.0772455e-01
  3.7797821e-01
  9.7888261e-01
 -3.3667409e-01
 -1.1388073e+00
  7.6526910e-01
  7.5186265e-01
 -8.0082372e-02
 -9.9958050e-01
 -1.0054581e+00
  4.8120251e-01
  1.2177593e+00
  1.1165680e-02
  2.6752204e-01
 -9.0078175e-01
  3.0806911e-01
 -3.7395176e-01
  6.1685914e-01
 -1.4574230e-01
  7.5440025e-01
  1.0807821e+00
  3.4389198e-01
  3.0297983e-01
  4.0019482e-01
  1.3608098e-01
  3.9342731e-01
  4.5116447e-02
  1.3513791e-02
  2.9718974e-01
  1.1623888e-01
  1.1626820e-01
  4.4147053e-04
  4.8697993e-02
 -7.1927308e-05
  2.2871725e-04
  3.4752396e-05
  6.9345072e-02
  4.5809212e-01
  5.2542986e-05
 -9.8674642e-03
  2.3041763e-03
  2.6528587e-04
 -5.7371181e-01
 -2.0889923e-04
  4.8554540e-02
 -1.5637727e-01
  5.6053553e-02
  6.9926464e-05
  2.2642223e-04
 -4.1621260e-02
  3.8295064e-02
  4.4125378e-01
 -6.6690540e-01
 -3.8127653e-02
  8.4900454e-02
 -6.0433108e-01
 -6.9147545e-01
 -4.6576461e-05
 -1.9349051e-03
  6.3783979e-01
  1.3779863e-06
 -4.6066448e-02
 -2.0219156e-01
 -1.8655991e-03
 -4.5104211e-05
 -3.6367109e-01
  3.6648789e-01
  2.5636730e-01
 -2.2863287e-01
  1.5275377e-02
  1.1178437e-01
  4.6134377e-01
  3.8251184e-02
  1.5596500e-01
 -2.4976124e-01
 -1.3871075e+00
  3.8783748e-03
 -3.8350504e-02
 -3.9207402e-01
  3.1163498e-05
 -9.8270451e-05
  8.8849634e-01
  1.6636635e-01
 -2.1901315e-05
 -4.3536288e-06
 -3.9115010e-05
  1.3850324e-04
 -1.3120733e-04
 -8.8483602e-04
 -4.4915680e-05
  1.5400332e+00
 -6.6240138e-01
 -3.9048850e-06
 -1.0168772e-04
 -7.0733213e-06
  3.6366910e-02
  5.8524736e-04
 -3.3366751e-02
  2.4947968e-01
 -3.7736103e-01
 -9.6547461e-01
 -4.0177172e-01
 -4.7106087e-01
 -7.9682983e-02
 -2.4088161e-04
 -1.4265440e-01
 -5.3196042e-03
 -1.2899138e-04
 -3.4691191e-03
 -3.4668636e-01
 -1.2233740e-05
 -1.6359262e-01
 -1.1848275e-01
  1.8406232e-04
 -4.3335673e-01
  7.1002964e-05
  1.1665298e-03
 -1.0868309e-01
  7.1536771e-05
  5.8941962e-03
 -7.0514470e-05
  3.1422690e-01
 -3.6907513e-02
  3.9552730e-02
  4.6615013e-01
  1.0793007e-01
  3.4631804e-01
 -7.9617485e-02
  2.8004026e-04
  7.4546501e-02
 -9.2867360e-02
 -5.2690113e-05
 -1.4612559e-05
 -7.4897386e-04
  1.4829432e-02
 -7.0764545e-05
 -1.2676043e-05
  4.5490745e-01
 -2.1414332e-04
  9.0690788e-05
  1.1692780e-01
 -2.0939718e-01
  3.8994986e-05
  3.1755883e-01
 -4.2411408e-01
  4.6661720e-01
 -1.7620288e-01
  9.4313949e-01
 -3.6901522e-01
 -2.0926137e-01
 -1.4290956e-01
 -3.4948622e-05
 -1.8298988e-01
 -4.7071982e-02
 -5.8645272e-01
 -2.2140446e-05
  1.1918061e-01
 -4.7983706e-01
 -1.8033438e-04
 -4.4737306e-05
 -2.9522911e-01
 -4.4610313e-04
  2.2482865e-01
  1.1221555e-03
  6.5275621e-05
  4.7635697e-02
  2.0240948e-01
 -1.9170325e-03
  2.0219721e-01
 -1.3796930e-06
 -1.0437945e-04
  1.1357977e-01
 -1.8865040e-02
 -2.4509256e+00
  2.1744818e-05
 -5.2411015e-05
 -6.0726827e-05
 -4.7351205e-05
  4.2494360e-02
  8.0245179e-01
  7.4949193e-01
  7.4045920e-01
 -9.9513214e-03
 -1.0414856e-01
  4.2127863e-01
  1.8291932e-01
 -7.3045164e-01
  3.2259122e-01
  7.3670357e-01
 -5.5084473e-01
 -1.1742983e-01
  3.1246436e-01
  2.2367332e-02
 -3.6679634e-01
 -5.1923579e-01
 -1.0110975e-01
 -1.5250336e-01
  5.6784111e-01
 -2.2542343e-02
  9.5055902e-01
 -8.2569844e-01
 -2.5880918e-01
 -1.6203145e-03
 -1.2828537e-02
  1.9571590e-03
  2.9644817e-01
 -1.3763466e-01
  4.2366099e-01
 -4.5250139e-01
 -1.4924392e-01
 -6.3640797e-03
 -1.1057089e-01
  1.3434287e+00
 -2.0241798e-01
 -1.3034624e+00
 -2.0137405e-01
  2.1486014e-01
 -2.9385111e-01
 -3.6401623e-01
  1.9633557e-01
  2.5803712e-01
  4.9593216e-01
 -4.2727038e-01
  3.5549900e-01
 -5.3125757e-01
  1.1789077e-01
  2.0081751e-04
  5.3355485e-01
 -8.7691456e-01
  5.8972132e-01
  9.1252750e-01
 -3.2359830e-01
 -3.9863804e-01
 -7.5464052e-01
 -4.1504422e-01
  8.6020371e-03
 -1.2184239e-01
  5.0816023e-01
  4.5218259e-01
 -9.7925466e-01
 -8.3199418e-01
 -5.1561105e-01
 -4.7222278e-01
 -3.5098501e-02
  2.8656870e-01
  2.5551426e-01
 -6.6333264e-02
 -2.5652912e-01
 -2.3321690e-01
 -5.1701152e-01
 -1.2595571e-02
 -4.5928422e-01
 -1.6972603e-01
  4.5702857e-04
 -4.2919892e-01
  3.7423894e-02
 -5.3792983e-01
 -1.8262956e-02
 -7.2351301e-01
 -2.9316720e-01
 -2.7895059e-02
  3.7533489e-01
 -1.8685800e-01
 -3.5329199e-01
  3.1762687e-03
 -2.1010219e-01
  1.0105416e-01
  3.1865737e-01
 -1.3680921e-01
  2.8997591e-01
 -3.3211923e-01
 -5.4595057e-02
 -2.8518519e-01
 -3.4796774e-02
  2.3310469e-01
  1.6505449e-01
 -5.0862890e-02
  5.3154461e-02
  1.7818922e-01
  4.9425033e-01
  1.0125711e-04
  7.1024246e-05
  2.0692761e-03
 -4.2613304e-01
  6.4343685e-06
 -1.3100158e-01
  4.6452519e-02
 -1.3629907e-01
 -1.6779697e-01
 -2.7321234e-02
 -1.6246302e-02
 -3.8453590e-02
 -6.4510876e-01
 -1.5670405e-04
  2.7325733e-02
 -7.0820504e-01
 -1.6864509e-04
 -2.5306381e-05
 -2.6059058e-02
  4.8440780e-02
  9.3486460e-06
  5.8537614e-01
 -1.8004291e-01
  3.8651392e-02
 -1.3531230e-01
  7.2573865e-04
  7.7893175e-03
  2.3526974e-01
  1.1804302e-02
  2.3694983e-01
  6.8520868e-01
 -1.3604166e-01
 -3.9356597e-02
  6.1227068e-02
 -8.0362755e-01
  3.3653998e-01
 -1.5371284e-02
 -1.2102214e-01
  4.7693396e-01
 -9.2231236e-02
 -6.5052044e-01
  2.8480437e-05
  8.5342959e-02
 -2.4948426e-02
 -1.6924059e-01
 -8.7973423e-02
  3.7008625e-01
  4.5680590e-02
 -1.0275502e-01
  8.8687308e-02
 -1.4063853e-01
  1.9928472e-01
 -1.0430376e-01
 -3.4207135e-02
  7.2758808e-03
 -3.6737901e-01
 -6.2109560e-01
  2.2151230e-01
  1.0172319e-02
  9.1096789e-02
 -2.7858212e+00
 -7.7529460e-01
 -2.9329112e-01
 -2.8623015e-01
  4.4060178e+00
  3.7922862e-01
 -3.5272631e-01
  4.5662194e-01
  5.0690699e-01
 -7.4303965e-03
 -3.3464966e+00
  3.7708151e-01
  1.7640133e-01
 -1.0922911e-01
 -1.8067359e+00
 -1.9399414e-03
 -8.3513804e-02
 -6.0279095e-01
 -1.6735226e-01
  2.6113537e-05
 -2.6265973e-01
 -1.5305954e-01
 -6.5684798e-03
 -1.3050631e-01
 -1.5842856e-05
  1.1464549e-01
 -5.0849542e-02
  3.6451762e-05
  2.4416889e-01
 -2.1636691e-02
 -2.1410935e-01
  6.4444437e-05
 -6.1555856e-01
 -8.5827732e-01
 -4.6040490e-02
 -1.3690719e-01
 -1.5425682e-03
 -1.0391479e+00
 -2.2998519e-01
 -3.2468810e-04
 -7.0677793e-01
 -2.0001790e-02
 -6.5243716e-05
 -4.6104842e-01
  3.0939627e-01
 -3.3723828e-01
  2.0135181e-04
 -1.1186696e+00
  4.9192902e-01
 -9.9046803e-01
  1.5825661e+00
  5.7103288e-01
  6.4107627e-01
  4.5756856e-01
 -4.2652622e-01
  5.9391630e-01
  5.6252772e-01
 -9.4540220e-01
 -4.8683646e-01
 -1.0791117e+00
  1.4435299e-01
 -1.6872901e-01
  6.0151350e-01
  1.4232544e+00
 -1.0069507e-01
 -1.6474432e-01
 -1.6797319e-02
  5.0606930e-01
  6.1089760e-01
  1.5166854e+00
  1.5731337e-05
  1.7688483e-01
 -1.6563201e+00
 -2.1936670e-01
 -2.7057216e-01
 -1.3422316e+00
 -1.0314015e+00
 -2.2688562e-05
  6.3331693e-01
  1.7448163e+00
  2.9425937e-01
  8.0089301e-01
  4.5898935e-01
 -2.0685518e+00
 -8.9649880e-01
  1.4434367e+00
 -2.0775473e-01
  2.2240993e-05
 -6.3666683e-01
 -6.5276516e-04
  2.6115693e-02
 -7.8738052e-01
 -4.7367495e-01
  2.9318205e-01
 -9.2553906e-02
 -1.0047965e-01
 -2.7155167e-01
  1.0063488e-01
 -8.2166411e-02
 -5.8305668e-05
  3.8995415e-05
 -2.8864875e-05
  1.8150321e-01
 -1.2509669e-05
  1.3111077e-01
 -2.9234743e-01
 -1.4150840e-01
  1.6900284e-02
  2.7525708e-01
  2.6806792e-02
 -6.7642257e-02
 -5.1347556e-04
  8.4092775e-05
 -6.2223102e-05
 -1.3902580e+00
  1.5070904e-05
 -8.9555800e-02
  1.6082156e-02
 -1.2122411e-04
 -1.8260489e-01
  4.9534833e-01
  7.8883594e-01
  1.2734541e-04
 -2.5200072e-05
 -6.1833969e-05
  8.3633885e-02
 -8.6624585e-02
  2.2298698e-01
 -3.7762430e-01
 -1.9586403e-05
  8.0547541e-01
  7.7955939e-02
 -1.5090922e-01
 -2.3081837e+00
 -6.2007375e-02
  7.7313937e-02
 -1.6197060e+00
 -1.7080517e-01
  1.1379756e-01
 -2.8877923e-01
 -4.3139738e-01
 -1.8293747e-06
  5.0288218e-01
 -1.0748513e+00
  2.1967890e-02
 -5.8485931e-01
 -2.0337622e+00
 -7.7731907e-05
  4.0084833e-01
  7.4293072e-05
 -4.9512275e-03
 -3.3381786e-02
  7.1866035e-02
  1.6304483e+00
  7.4345124e-05
  9.5024556e-01
  1.4101774e-02
  1.6953108e-01
 -3.1612092e-01
 -4.6924189e-02
  3.2290831e-01
 -2.9497343e-01
 -2.1547852e+00
  7.6519400e-01
 -1.5714954e+00
  1.7122867e+00
  2.2649789e+00
 -2.7719120e-02
 -8.3698294e-05
  4.5886052e-01
 -1.0866905e+00
  5.5314857e-01
 -1.4395583e-04
 -2.1577261e-03
  3.6971635e-01
 -9.3203723e-02
  2.0529826e-01
 -2.3247451e-01
 -1.6648035e-05
 -1.9385315e-02
 -2.4224576e-04
  2.2913613e-05
 -1.6244182e-01
  1.5096469e-01
 -2.9864011e-04
  2.6267236e-02
  7.7693127e-02
  2.8630800e-04
  1.5357679e-01
 -6.9188175e-04
  8.7497610e-05
 -8.9472313e-05
  1.1738349e-01
  2.9987337e-05
  2.9581618e-02
 -1.5407490e-05
 -1.7295688e-06
  3.8555157e-04
  1.7103499e-05
 -4.0048342e-02
 -3.2945037e-01
  1.8966988e-02
  1.8292743e-01
 -8.9626834e-03
 -1.5358637e-01
 -2.3682493e-01
  9.7595472e-03
  5.7921910e-01
 -2.4665589e+00
 -1.4302564e-01
 -3.2177925e-01
  3.0415732e-01
  7.6204133e-01
 -1.8519980e+00
  1.6916525e-01
 -1.0649811e-01
  2.8630381e+00
  1.4922144e-05
  5.3354752e-01
 -1.4395587e+00
 -2.2144286e-01
 -3.0169315e-03
 -2.7586866e-02
 -1.5172847e-01
  1.4734057e+00
  7.6501463e-05
 -2.1389529e-01
  1.1856778e+00
  4.0712412e-02
 -2.1880054e+00
  2.1888296e-01
 -1.9001665e-04
 -1.7403488e-01
  4.9151691e-05
 -1.5168391e-05
  3.4699544e-01
 -4.0485594e-01
 -1.7480464e-06
 -1.5350824e-04
  2.5419594e-04
  3.5413742e-02
 -3.2131705e-02
  1.4445088e-02
 -8.7405453e-03
 -9.8462951e-06
  3.4532574e-04
  3.6181702e-04
  4.3242202e-05
  4.2898893e-05
 -2.2808793e-04
  1.4141609e-05
  3.2736072e-05
  1.7596913e-05
  6.3814268e-06
  2.7513925e-06
  5.4868920e-06
  1.1131231e-05
  1.0166475e-05
 -1.2703401e-05
 -7.8127541e-06
  2.1250942e-05
  2.0427309e-04
  8.4849198e-05
  4.9528189e-06
  1.1218333e-04
 -2.2040143e-05
 -1.8864071e-04
  9.7433629e-05
 -1.3996106e-04
 -1.0439163e-05
  2.9991240e-06
  5.0169256e-06
  8.8448054e-04
 -1.0764478e-04
 -2.3396419e-04
  1.0129554e-03
  1.8036784e-05
  1.7123783e-05
  1.4712830e-05
  2.2700928e-04
  8.7951172e-05
 -4.8779685e-04
 -1.0060658e-05
  1.6382812e-02
  1.7257055e-04
 -3.0954823e-05
 -2.8865477e-05
  3.6646339e-05
  2.5928253e-04
 -7.7966004e-05
  1.9750906e-02
  3.7599835e-05
 -1.2925851e-06
  8.8663675e-02
  1.3334355e-04
 -2.7306128e-04
  8.6818938e-05
  4.8643891e-05
  1.4384835e-05
  3.5528012e-04
 -1.6944253e-04
  1.5608204e-04
 -4.2683806e-02
 -8.8286120e-05
 -1.0069334e-05
  3.2718407e-04
 -3.2199408e-05
  3.2607299e-05
 -2.7286602e-05
 -2.9146649e-05
  3.1869009e-03
  3.9366598e-05
  6.8986224e-04
  4.2315041e-05
  5.6040411e-05
  5.6972506e-04
  1.1877734e-01
  3.2644070e-06
  6.8965356e-04
 -6.6524202e-01
 -5.0511846e-04
  9.5833048e-02
  7.8675551e-03
  1.2489484e-01
 -4.0889305e-01
  4.0845409e-02
  1.0794482e-01
 -3.0406886e-01
  2.5032695e-02
  4.0661741e-02
  2.3056042e-01
  1.2913178e-02
  1.5368862e-01
  1.3368854e-02
  1.0386515e-02
  3.8383831e-05
 -8.1930470e-05
 -2.9969102e-01
 -7.1127810e-02
  2.2826594e-01
 -8.7234306e-01
  1.1833850e-01
 -4.3926083e-02
 -3.5949200e-01
  2.9934181e-05
 -3.5483551e-01
  3.3501837e-02
  1.0248010e-01
  1.9612812e-02
  1.2384549e-04
  1.9900961e-02
  5.9036845e-03
 -4.9802363e-02
 -1.8356712e-01
  4.2719242e-01
 -1.1171491e-01
 -2.5703880e-01
 -9.7812488e-05
  1.9480245e-05
 -2.0046499e-04
 -3.5604458e-02
 -7.1685590e-02
 -1.8576218e-05
 -4.1296929e-02
 -3.1085375e-01
  8.9123029e-01
 -2.8559237e-03
 -1.5934546e-02
  1.3342812e-02
 -4.0572312e-01
 -4.7439709e-01
  1.1984613e-02
  2.6909789e-01
 -2.9501572e-02
 -1.2239581e-01
 -4.8482772e-02
  6.3547380e-02
 -1.5926365e-02
  1.6123770e-01
  2.4449206e-03
  4.9520548e-02
 -9.2167504e-02
  4.0936153e-02
 -3.3167612e-03
 -6.4117792e-03
 -5.5448353e-02
  4.1727386e-02
 -1.3225368e-04
 -2.9314684e-02
 -1.3443794e-02
 -5.0733872e-03
 -7.0252502e-03
  2.2096225e-05
 -1.3732226e-02
 -7.5432454e-04
  2.8338782e-03
  3.5783108e-02
 -2.5179717e-03
  1.5794405e-01
 -7.1711195e-01
 -8.5238421e-01
 -2.4797844e-02
 -9.3145740e-01
 -1.0597997e+00
 -7.3802476e-05
 -9.7208798e-01
 -2.2728443e-02
 -1.9522056e-01
 -3.5600185e-01
 -3.2186326e-01
 -1.2494683e-05
 -5.8511841e-01
 -2.8327890e-04
 -7.7450730e-02
 -2.6204833e-01
  1.1895118e+00
 -4.7494057e-01
  1.0456055e+00
  5.2324826e-01
 -3.7018254e-01
 -1.3785558e-02
 -1.8901610e-01
  5.1567044e-02
 -2.8063300e-01
 -9.6892516e-05
 -1.2347341e-05
  1.8222906e-01
  3.9690325e-01
  5.4544333e-02
  8.9490339e-02
  3.3282217e-02
  1.8318112e-01
  1.9853225e-04
 -1.1279014e-01
 -7.9849160e-05
  7.9667097e-06
 -4.1431037e-01
  1.6012151e-02
  3.6681500e-01
 -1.4540650e-01
  7.6088101e-01
 -1.4750833e-07
 -5.0551342e-03
 -7.0244926e-03
  5.1818591e-01
  6.7554887e-05
  2.8197799e-02
  2.0007205e-01
  1.7782347e-02
  7.0048940e-01
  3.1289467e-01
 -4.0882085e-05
  4.4333238e-02
  1.4173840e-04
 -1.7424559e-02
 -3.9669785e-01
  3.9363015e-02
  1.1518694e-01
  1.2305608e-01
 -1.3750836e-02
  1.9917904e-01
  1.7594481e-01
 -2.4682260e-03
  1.4462650e-03
 -1.5678039e-01
 -2.3466127e-01
  1.6161031e-01
 -1.8634213e-04
 -4.0918577e-02
 -9.2270775e-06
 -1.3531958e-04
  6.2046165e-05
 -1.6170462e-04
 -3.2205108e-01
  2.7235960e-06
 -4.0480170e-02
 -1.7372584e-01
  4.3865120e-06
  2.9054545e-05
  1.5825816e+00
  1.9148008e+00
  4.2652142e-01
 -1.7549093e+00
  1.8071265e+00
 -3.3984098e-01
 -3.0311868e+00
 -1.7206615e+00
  7.5691402e-01
  3.7184697e-02
 -5.8484685e-02
  2.7174952e-02
  1.3422054e-01
 -1.4557918e+00
  2.8331926e-01
  1.7596639e+00
 -8.7835766e-02
  1.3171110e-01
  2.4630444e-05
 -2.2571583e-04
  5.5452991e-01
  2.3806304e-05
 -2.4460904e-05
 -6.3282922e-02
 -1.0637242e-03
  2.1025341e-02
  2.8080401e-01
 -7.3275129e-05
  4.4409752e-01
 -3.8641003e-01
  4.2146176e-01
 -3.8469756e-01
 -1.7804924e-06
 -3.2141128e-05
  3.2819420e-01
 -1.9845393e-01
 -2.6742553e-05
 -8.5515836e-03
 -3.4941703e-01
 -4.5551932e-03
  2.4254590e-02
 -4.1113161e-03
  1.6663310e-01
  6.8987831e-02
  3.8433552e-01
 -3.7984438e-02
  3.7766239e-01
  1.0152273e-04
 -2.4264462e-01
  1.4159646e+00
  2.3363867e-01
 -1.0914301e+00
  3.6423063e-01
  4.4471806e-01
 -1.5424982e+00
  9.9587911e-01
 -2.7545607e-01
 -5.0805390e-01
  3.2118993e-04
 -6.1418587e-01
  4.2238081e-01
 -5.4036386e-02
  1.4049713e-01
  1.1270659e-04
  1.7270306e-01
  1.9252671e-01
  2.3820311e-02
  3.2311752e-01
  1.9863746e-01
 -4.7247776e-01
 -1.5344493e+00
  1.0411906e+00
 -1.7460781e-04
  1.5698165e-02
 -1.1203101e+00
  6.7081757e-02
 -7.2883000e-03
  2.5962961e-01
 -9.0614170e-02
  1.2076986e-02
 -7.6283646e-01
 -1.5605611e-01
 -1.0575666e-04
 -3.9634429e-02
 -6.1202243e-02
 -2.1625876e-01
 -4.1531688e-03
  1.0424087e-02
 -2.1286352e-04
 -9.1908805e-02
 -3.1390777e-01
 -6.9069788e-03
 -1.2183791e-01
 -3.2733209e-04
 -2.4794986e-02
  1.7562492e-05
 -1.4746123e-03
 -2.6151326e-01
 -1.4377120e-01
  3.0036797e-03
  4.5737877e-01
  2.4302828e-03
  2.1486582e-01
  2.6156499e-06
 -2.5018651e-02
  1.5622266e-01
  1.7276648e-01
 -7.7325497e-03
 -4.8906773e-02
  7.4481212e-02
  1.1550445e-02
 -1.2709212e-02
  2.6949775e-01
  1.0134441e-01
 -2.2867697e-03
 -1.4600594e-02
  6.0169390e-05
 -1.5523699e-01
  1.0099127e+00
  7.8632025e-04
 -3.5188583e-01
  2.0509931e-01
  1.2811229e-01
 -2.2265804e-01
 -1.5298739e-01
  3.0227825e-01
  3.0528555e-02
  8.6343944e-02
 -3.1886235e-01
  5.1696267e-02
  2.1628742e-01
  2.4942136e-01
 -3.1931634e-04
 -3.0989060e-01
  4.9346861e-01
  2.0119959e-01
 -2.8092778e-01
 -1.1276009e-02
  7.5510964e-02
  2.9332873e-01
 -4.7401093e-02
  1.0950063e-01
  1.2336794e-01
  2.9786882e-01
  1.3313261e-03
 -1.1749710e+00
 -1.3469230e-02
 -1.8377374e-01
 -2.3584676e-01
  5.1315472e-04
 -2.4950880e-01
 -3.7988614e-02
 -2.6857579e-02
  9.9152174e-05
  3.5659665e-05
 -1.5941971e-04
 -2.9833129e-01
  2.6688316e-01
 -5.2884441e-02
 -2.8734967e-01
  1.3254733e-05
 -5.4845485e-05
  2.6994848e-01
  2.4418980e-05
 -1.3066936e-04
  1.2249024e-04
 -1.5592053e-05
 -8.6830689e-05
  2.4800738e-05
  1.9379730e-05
  8.2717786e-05
  5.3384210e-05
 -1.0173572e-04
 -1.0043485e-05
  8.8960169e-06
  2.7486141e-05
  1.8651072e-05
  8.4023231e-05
 -5.3164720e-05
 -1.4141116e-04
 -5.3670692e-06
  2.0822763e-04
  1.2236943e-04
 -8.8105640e-05
  1.3107322e-05
  2.6190964e-05
  6.9021255e-05
 -2.5947011e-05
 -8.0195096e-05
 -4.6520221e-05
 -1.0034831e-05
  1.1940855e-04
 -6.6648472e-06
  1.4454924e-06
  2.4425250e-05
  2.9316129e-06
 -6.2817853e-05
  1.8241779e-05
 -9.8825105e-05
 -3.2169519e-05
 -7.1386225e-05
  2.7969554e-06
 -2.3184558e-04
  1.3605025e-04
 -5.4904722e-05
  9.3758278e-02
 -9.6536722e-05
  5.7560632e-05
 -7.4012637e-02
 -4.1878793e-05
  8.1292401e-06
  3.3913085e-01
 -1.2499839e-05
  1.5993850e-05
  1.9948003e-04
 -6.1315426e-05
  1.2248190e-01
 -1.2062901e-07
 -2.8072425e-06
  7.7919547e-05
 -1.0228472e-01
  2.1808053e-05
  2.7456967e-05
 -1.3245350e-01
  8.5004149e-06
 -6.3235384e-05
 -1.8707311e-04
 -1.1243227e-04
 -1.2381284e-05
  8.4369371e-05
  6.9467758e-05
 -3.4369074e-05
  5.6104309e-05
 -1.7562019e-05
  1.6412479e-04
 -1.4070777e-04
  4.5692686e-05
  7.8502810e-05
 -1.3906532e-05
 -1.2190341e-06
  6.5691429e-01
  7.5818196e-02
 -2.1287651e-01
 -1.8463092e+00
 -3.5122553e-01
  1.1940521e+00
 -6.6600770e-01
  5.7826828e-02
  8.6499780e-01
  1.0367677e+00
  2.2445087e-01
  2.8458863e-01
 -1.1471379e+00
 -3.2404092e-01
 -3.5521811e-01
  5.8544993e-01
 -3.6971253e-01
  1.6292390e-01
 -2.7077162e-01
 -5.5278294e-02
 -5.1547873e-01
 -4.0237170e-01
  2.4282379e-01
  1.3649487e-01
  3.7271634e-01
  1.5237335e-02
 -2.3817402e-01
  7.1653933e-04
  3.7817205e-03
  2.2126427e-02
 -8.8588826e-02
  8.1625730e-02
  9.4078146e-02
  1.0121788e+00
 -8.6509272e-02
  3.0225676e-01
  1.0144206e-02
 -2.5525278e-01
 -2.9890621e-01
 -3.3602539e-01
  3.8788763e-01
  1.0892543e-01
  3.1200114e-01
  3.7051421e-02
 -7.8854449e-02
 -5.3834414e-01
 -7.8770444e-02
  2.5754442e-04
 -5.3903414e-03
 -4.4331002e-01
 -1.7787260e-01
  5.6032348e-01
  4.2230725e-01
 -4.3797405e-03
  9.0919083e-01
 -7.9309605e-02
  2.7244082e-01
  3.9197135e-01
  8.4419344e-06
 -1.8059921e-01
 -3.1471989e-01
 -1.0086408e-02
 -3.8945395e-01
 -5.9666198e-01
 -2.7307805e-01
  1.2326293e+00
  7.4480975e-01
  2.1954304e-01
 -8.5379046e-01
 -1.8123543e-01
  9.8065384e-02
  1.6653568e-01
 -1.0504869e-01
 -2.1629123e-02
  3.7879160e-01
  9.1701662e-03
 -1.0378909e-01
 -3.8869697e-01
 -1.8706273e-01
 -1.1725391e-01
 -4.2085281e-01
 -2.1325799e-02
 -2.7637280e-04
  1.6557071e-05
  9.2544310e-02
  7.1584359e-02
 -6.6591660e-03
  1.2271611e-04
  1.4707850e-01
  4.4346358e-05
 -8.5271187e-02
  1.5736938e-01
  8.0294549e-02
 -1.4764658e-01
  1.2699109e-04
  2.2842027e-01
 -8.9170353e-05
 -1.2761841e+00
  1.7722510e-05
 -3.4405354e-03
  1.6451064e+00
 -1.4600782e-05
 -8.0077837e-07
  3.2873917e-01
  1.4284232e-01
  1.7419564e-04
 -3.6269587e-01
 -5.4685061e-05
 -5.5645749e-02
 -2.6326183e-02
 -1.7918266e-02
 -1.7973185e-02
  6.7462653e-01
  1.9152817e-01
 -3.1428522e-01
 -4.6529055e-01
  3.4690782e-01
 -8.6510897e-02
  8.9361129e-05
  1.3628460e-02
  5.3293353e-01
  2.7428548e-05
 -8.7259585e-01
  6.1995339e-01
 -3.9191207e-01
  1.0431917e-01
  7.1674310e-02
 -1.1311962e-01
  7.2773524e-05
  4.2727590e-01
 -4.1248196e-01
  1.7654097e-04
  1.7438235e+00
 -7.2659053e-02
  3.9410193e-06
 -1.2039041e-01
  1.0914298e-01
 -7.4336223e-02
  2.6521878e-03
  5.7839792e-02
 -2.4218470e-02
 -1.3541871e-04
 -7.9491064e-02
  3.9033762e-01
  6.5181325e-03
  5.4332479e-03
  8.6786383e-04
  2.6010795e-04
  1.8366873e-01
  6.5170956e-05
  1.4382513e-05
  2.7406209e-03
  6.5176648e-01
 -9.0772082e-05
 -4.9079984e-02
  1.6954367e-01
  2.4326579e-05
 -1.0646631e-01
  4.7679348e-03
  7.6598750e-05
  6.0310608e-01
  1.1430913e+00
 -3.6947100e+00
 -2.2755861e+00
  3.8734490e-01
 -1.4453763e-01
  6.3261741e-01
 -1.6008399e-01
  1.0420996e+00
  3.5216525e-01
  9.3526198e-03
  6.6792679e-01
 -2.1992870e-05
  9.5214480e-01
  4.6065482e-01
  1.2010466e-01
 -1.0764630e-04
  7.8041165e-05
  8.6216800e-02
 -1.6255786e-04
  5.0626606e-01
 -3.7871872e-05
 -9.1603759e-04
  5.6204271e-01
  6.9961109e-04
  2.4213229e-04
 -1.5921579e-01
 -1.7724824e-06
  1.9373762e-03
 -5.6935382e-01
 -2.4599337e-03
 -4.9227227e-05
  2.0601083e-01
  1.6341637e-01
  1.6148680e-01
  2.3366494e-05
  8.2599654e-05
 -7.2525389e-02
  2.0193576e-04
  1.4718747e-04
 -1.9823497e-03
 -1.5394551e-01
 -8.6266417e-03
  6.3838070e-04
 -1.7474649e-05
  4.2000586e-01
  9.3132481e-02
  7.0454501e-02
 -3.6547688e-01
 -7.5298615e-02
 -3.5324764e-01
 -8.0227321e-01
  4.8106717e-04
 -1.4207941e-05
 -6.2065665e-04
  2.2964913e-01
 -2.1095858e-04
  1.7776193e-01
  1.1606355e+00
  4.0560997e-01
  4.1486450e-02
 -1.0541922e-01
  1.7386091e-01
 -7.8595724e-05
 -8.5323200e-02
 -1.1649334e-05
 -6.6047452e-02
 -1.2575503e-01
  4.8117385e-05
  4.6369874e-01
 -4.5043951e-01
  3.3129296e-01
 -1.1305910e-06
 -6.3557640e-02
  1.3548179e-05
 -2.7192984e-05
 -1.5937348e-03
  6.1755744e-03
 -5.4592606e-06
 -2.2226067e-01
  2.6930704e+00
 -1.2313397e+00
 -9.7648120e-01
  2.7055216e-01
 -1.1071669e+00
  4.2443392e-01
 -1.5533491e+00
 -4.6616730e-01
 -4.4607314e-01
 -1.9060675e+00
  1.3558269e+00
  1.1551851e-01
 -2.8065220e-01
  7.0125133e-01
  2.5338286e-01
 -5.1848739e-01
 -2.1330750e-04
  1.3990252e-04
 -8.6417198e-01
 -4.0406665e-01
  8.1915855e-01
 -5.9034532e-01
  2.7117572e-05
 -1.9145457e-02
 -1.9354832e-01
  3.2162873e-04
  9.7473010e-02
 -1.0076263e-05
 -4.2975119e-01
  2.4472873e-01
 -3.3804843e-01
 -3.1099024e-01
 -3.0751309e-01
  2.1326177e-04
 -8.7627077e-01
 -2.4598719e-01
 -9.5426505e-03
 -1.3069105e+00
 -7.3940167e-04
 -4.2831516e-01
 -1.0576998e-04
 -7.0543289e-01
 -3.5365276e-02
  8.8024528e-05
  1.7800827e-01
 -2.8233081e-01
 -1.4854822e-01
  1.6052465e-01
  1.2153901e+00
  4.9312723e-01
 -2.0284569e+00
  4.7838065e-01
 -3.6199394e-01
 -6.1843819e-03
  4.6785915e-01
 -5.3056771e-01
 -2.7959788e-01
  2.0650277e+00
 -5.7277548e-01
  4.7075605e-01
  1.9063029e-01
  2.2875962e-01
 -2.5348777e-02
 -7.1034664e-01
  2.4911735e+00
  9.5313555e-01
 -4.7581005e-01
 -3.7461352e-01
  2.0081116e-04
 -1.9146718e+00
 -7.6991063e-01
  6.1072308e-01
 -1.1420061e-01
  1.0637721e+00
 -1.3231554e+00
  1.4292081e-04
  1.1444242e+00
 -5.9545016e-01
  5.5150662e-02
 -2.4436256e-06
  6.3921815e-01
 -3.1151814e+00
  5.2633605e+00
 -1.3917251e+00
 -1.4200672e+00
 -2.6106400e+00
 -2.2385457e+00
  2.2124259e+00
  8.4362769e-01
  1.7686820e+00
 -1.6617304e+00
 -8.4646666e-01
  9.7271430e-01
  1.6818707e+00
 -9.8825711e-01
 -5.2351362e-01
  6.7758286e-01
  4.1762108e-01
 -4.0287796e-01
 -1.2704791e-03
  1.8582312e+00
 -2.9257795e-02
 -1.0407364e-01
 -4.3602977e-03
 -4.2781144e-01
  1.0047334e-01
  5.7006329e-01
 -1.4320508e-01
  3.8721895e-01
  2.1104459e-02
  4.9408719e-02
  1.0341750e-04
  1.8539852e+00
 -2.1253073e+00
  8.7043405e-01
  3.7502560e-01
 -9.2843987e-02
 -1.6933562e-01
 -1.1296180e+00
  6.1166096e-01
 -5.8083409e-01
 -4.9367672e-01
  3.3327746e-01
  2.7378915e-02
  3.2243675e-01
  3.6663574e-01
 -1.5897864e-04
  1.0314927e-01
  1.6857828e+00
 -1.0421410e+00
  3.7890348e-01
  3.8200516e-01
 -3.3473161e-01
 -1.8105002e-01
  1.8436955e+00
  4.9304858e-01
 -8.9523651e-02
  1.3928029e-01
  2.6117742e-01
  3.9352000e-01
 -1.1906078e+00
 -1.1798531e-01
 -6.3869521e-02
  1.0197616e+00
  5.3624302e-01
  1.9648626e+00
  9.3763363e-01
 -2.4253897e-01
 -5.5520791e-01
 -6.4784229e-01
 -3.9345628e-01
 -2.1517351e-01
  4.5944417e-01
 -9.0197688e-01
 -6.8410635e-01
  1.1315949e-01
  1.9434382e-01
  4.9143007e-01
 -1.6356196e-05
 -3.7511185e-01
  2.1033587e-01
 -4.6291590e-02
 -2.1944456e-01
  9.4481343e-03
 -7.0001431e-02
 -7.9187733e-01
  7.0200913e-02
 -1.4230104e-01
 -6.5390222e-02
  8.0256499e-02
 -2.1941355e-01
  9.2084192e-02
  2.4891631e-01
  4.0792305e-02
  6.3429457e-01
  1.8678965e-01
  1.4972861e-01
 -4.7909733e-02
 -1.1397956e-02
  1.1929663e-01
  5.0135504e-04
 -4.8665330e-02
  1.1425266e-01
 -1.8597786e-01
  4.5562533e-01
  2.9496200e-04
  2.0365771e-02
 -1.6506638e-01
 -2.8747493e-01
 -2.6901999e-01
  1.1074557e-01
  3.2480975e-06
 -2.0787501e-01
 -1.3786031e+00
 -2.3409671e-01
  1.5428784e-01
 -3.3266389e-01
  1.8748309e-04
  1.3422504e-01
 -8.6146250e-02
 -4.0663548e-02
 -7.8640647e-02
 -6.2629074e-01
 -1.0891531e-01
  2.6533887e-01
 -3.5682950e-02
 -3.2802519e-01
 -9.1109380e-02
 -5.2699644e-02
  1.9408117e-01
 -1.7514187e-01
 -2.7954873e-01
  3.9302802e-01
  5.3838871e-02
 -1.8866764e-01
  8.5573399e-04
  6.8807238e-01
 -1.6706996e-01
  9.7228728e-02
 -5.2230936e-01
 -2.8019375e-01
  5.0819856e-01
 -2.2694191e-01
  1.1189939e-01
  3.8569495e-01
 -2.3892531e-03
  7.4479841e-02
  2.5948283e-01
 -1.2599289e-02
 -1.0545672e-01
 -7.8269698e-02
 -1.0181117e+00
  9.2768617e-02
 -9.8417522e-03
  3.6675014e-02
 -5.9873074e-02
 -3.3217716e-01
  1.6793890e-01
 -1.3852018e-01
  1.4961180e-01
 -1.8718785e-01
 -1.9977847e-01
 -5.9566844e-01
 -1.1202492e-01
 -9.5800743e-02
 -5.3491694e-01
 -3.3205520e-02
  3.3139613e-02
 -1.1978995e-02
 -5.9944397e-01
 -2.3980927e-05
 -1.1755050e+00
 -1.8393761e-01
  3.5550338e-06
  1.9578378e-04
 -1.2532012e-01
 -5.9642732e-01
 -7.6632684e-01
  4.6643022e-01
 -6.5955001e-01
 -7.5643502e-02
 -1.8882012e-02
 -7.8650244e-02
  4.1904659e-05
 -2.8582919e-02
 -1.8093841e-02
 -8.0031343e-02
  1.1936007e-01
 -1.4823627e-02
 -1.8060893e-01
  1.1677357e-01
 -1.2634028e-04
 -2.5752313e-06
  6.5594744e-05
 -7.6770896e-01
  2.0060029e-02
  1.7761346e-05
 -7.0678353e-01
  1.3286585e-01
  2.5409865e-01
 -1.0937463e-01
  8.8642642e-02
  2.6574455e-02
  5.1216328e-01
  1.1024594e-01
  3.7304242e-05
 -4.6220958e-02
  8.0988699e-01
 -3.0950487e-02
 -2.8850682e-05
 -8.9305928e-03
  4.5789796e-04
  6.2655702e-02
 -1.5041924e-01
 -6.8587273e-01
  9.6339256e-01
 -1.9236526e-01
 -4.7412911e-01
  3.5782427e-01
  2.1237971e-05
 -4.4497386e-01
  1.1728829e-02
  1.6752008e-02
 -4.2132452e-02
 -7.8250521e-01
 -3.4206644e-01
  1.3699384e-01
 -6.2750810e-01
 -1.1251298e-05
 -1.3679186e-05
 -6.0127699e-01
  6.6466522e-01
 -4.0014458e-01
 -1.3686964e-01
 -8.2032111e-06
 -4.4911436e-04
 -1.5393221e-01
 -1.2112071e-01
  7.6250311e-05
 -7.5259678e-02
  7.3946358e-05
  3.5701029e-05
  2.0623778e-05
  1.0912545e-06
 -7.9715057e-05
 -3.2338554e-05
  1.0707080e-05
  2.3746081e-05
 -2.1058731e-05
 -4.6210636e-05
  8.1582737e-05
  2.5055601e-04
 -2.9491630e-06
  1.3005149e-05
  1.7525495e-05
  1.0136724e-04
  1.7413408e-06
  5.5053179e-06
  1.8390352e-04
 -3.4605011e-05
 -1.4106251e-05
 -3.8400591e-05
  3.1230418e-05
  9.8124074e-05
 -1.8085921e-05
  5.6947724e-06
 -4.4746477e-05
 -6.9669957e-05
  6.4601713e-06
  1.6419561e-05
 -1.3542546e-04
 -3.2035605e-05
  2.3514553e-05
 -9.4084899e-05
 -4.4565668e-06
  2.8104627e-05
  2.4350511e-05
  1.9106361e-05
 -4.9528127e-05
  2.8327986e-05
  6.0680370e-05
 -4.7915360e-06
  7.6911456e-06
 -1.6552853e-05
  2.0829368e-05
  6.8873902e-05
 -6.0001676e-05
 -1.0015909e-05
 -4.4898934e-05
 -1.0803874e-05
 -1.0578443e-04
 -3.6563688e-05
  5.2754829e-05
  2.2723976e-05
  1.5325884e-04
 -5.0034807e-05
 -2.0349577e-05
 -1.5272417e-05
 -7.1084128e-07
 -6.5121247e-05
  1.0151949e-05
 -1.3209814e-05
  4.3477365e-05
 -5.6397566e-05
  1.2771759e-05
  2.7131206e-05
  1.5347401e-04
 -3.1231953e-06
  7.6917888e-05
  1.2892303e-04
  7.0571979e-05
  2.2610689e-05
 -3.6406714e-06
 -6.4665022e-05
  1.8277970e-05
 -4.6797177e-06
  9.7421789e-06
 -5.5148561e-05
  2.7409707e-05
  3.5369168e-05
  1.3553572e-05
  1.2782917e-04
  3.5629129e-01
  1.7224522e-03
 -8.8195193e-01
  4.1349465e-01
  3.3168983e-02
 -1.4780776e-01
  1.8696725e-02
  8.0694983e-05
  5.8558922e-02
  3.2291929e-03
 -6.8965473e-04
  6.6846102e-02
  2.8726126e-03
 -1.0042679e-01
 -1.9403464e-01
 -1.6281104e-01
 -1.2360829e-04
 -9.7587653e-02
 -5.3104967e-01
 -2.3511260e-05
 -5.8546584e-02
 -3.2477576e-01
  8.4873466e-03
 -5.1350769e-02
 -3.4354638e-05
 -1.4377770e-04
 -8.7388925e-02
  2.3506973e-05
 -6.9139365e-05
 -2.8501487e-01
  1.3006812e-05
  2.5727262e-05
  2.8680332e-05
 -4.8294365e-02
  7.2650728e-05
  2.1089546e-04
  6.3821521e-05
 -1.5129601e-05
  1.7491826e-04
 -3.3180942e-05
 -1.4650227e-01
  6.1097201e-02
 -1.8246248e-02
  7.8294770e-06
  7.9488151e-02
 -2.9396388e-04
 -1.7289361e-03
  4.2897308e-01
  2.9020361e-05
 -3.0401516e-01
 -1.1391706e-02
  4.3324602e-01
 -8.6149339e-06
 -4.4704020e-01
  7.0870675e-02
 -6.4927975e-05
 -1.2984942e-01
 -6.4994366e-04
  1.3787366e-01
 -3.3959650e-02
 -5.6492869e-02
  6.9277442e-01
  1.2080254e-01
 -5.1482458e-02
  6.9268756e-02
 -1.9456273e-02
 -8.8186345e-05
  5.6748104e-01
 -4.1050487e-05
 -3.9250863e-01
  1.2594207e-01
  7.1871340e-02
 -1.2223073e+00
  2.8681021e-05
  5.1777482e-01
 -7.1047179e-02
 -9.0312056e-02
  4.3891504e-02
  2.8046063e-01
  1.0202006e+00
 -2.2267585e-01
  2.5306830e-01
  8.4923559e-01
 -5.6032342e-01
  1.0397273e+00
 -8.4354681e-01
  5.2919614e-01
 -1.3444014e-01
 -1.4398791e-01
 -1.3287285e-01
  4.8823684e-01
  3.7550944e-01
  3.7095360e-02
  4.1742352e-01
 -5.4562467e-01
  7.2283810e-01
 -1.0937773e-02
 -4.7097382e-01
 -1.4815000e-01
 -2.6897705e-01
  9.0043701e-02
  1.5880516e-01
  2.4254052e-01
  1.2026567e-01
 -4.6599731e-02
  1.5348808e-01
 -1.2570240e-02
  8.4667459e-02
 -6.8003051e-02
  2.7808076e-02
 -8.5035056e-01
  8.9086197e-02
  1.5985341e-01
 -4.1667020e-01
  5.5860162e-01
 -1.5549859e-01
 -1.2788266e-01
 -8.7834799e-01
  1.5546098e-01
  1.0437652e-01
  3.4968758e-01
  1.9200228e-02
  3.1665091e-03
  9.6744660e-04
  1.0235352e-01
  4.1800877e-03
 -8.0234230e-01
  8.1796736e-02
  8.3983749e-02
  4.5008056e-02
  9.8413539e-01
 -2.6258636e-01
  8.9448166e-01
 -1.3230540e-01
  2.1098008e-04
  9.1412559e-02
 -4.1938204e-02
  6.2543362e-01
 -7.6047488e-02
 -1.8316732e-01
 -2.2974236e-01
 -6.8129271e-02
 -4.2232972e-01
  4.6810377e-01
 -3.9637194e-05
  1.4494710e-02
  2.2401999e-01
 -2.8153670e-01
  1.9236515e-01
  4.1122624e-01
  4.6043995e-01
 -3.9914072e-01
 -4.2643648e-01
  5.6299385e-02
 -1.7728825e-01
 -9.4500922e-02
 -1.5991853e-04
 -1.0048158e-01
  2.9966053e-02
  1.4382534e-01
  2.9149505e-01
  3.3352369e-01
 -6.3662358e-02
  3.0870914e-01
  1.3769357e-01
  6.9765115e-01
  1.2509926e-01
  4.9054000e-01
 -2.2197426e-04
  7.8776982e-05
  1.2987967e-01
  5.8400346e-05
  6.1208402e-06
  4.1665363e-01
 -5.7645184e-07
  3.1448082e-05
 -2.0367077e-04
  2.1457863e-04
  2.6135844e-01
 -5.1551650e-04
 -2.9959355e-02
  1.6333827e-01
  5.8831461e-03
  1.2145973e-05
  2.3841113e-01
  2.1253245e-05
  2.9597472e-04
 -1.3798032e-02
 -9.5557602e-04
  5.6254286e-03
  5.7399303e-02
  2.6381071e-04
  3.4877563e-01
  3.1719472e-05
 -8.6585613e-05
  3.9772910e-01
  4.3145392e-06
  7.5247131e-05
 -2.0574096e-04
  4.7837031e-05
  4.6443094e-02
 -1.8549403e-04
  4.1637233e-01
 -1.7393231e-04
 -1.1348131e-05
  1.6485493e-01
 -8.5039530e-04
 -8.9258760e-01
  5.8199149e-01
 -5.9936291e-01
 -3.0529580e-01
  2.3985577e-01
  2.8658002e-03
 -1.3450654e-01
  3.3355216e-05
  3.2767221e-01
 -1.0952021e+00
  7.3438780e-05
  1.1959463e-01
 -6.9508642e-01
  1.4908870e-01
 -2.4949324e-05
 -6.7242956e-01
 -1.7177274e-05
  3.4296852e-01
 -3.5326798e-02
 -2.1908088e-05
  2.2468579e-05
  3.0655664e-04
 -4.3458933e-01
  5.2387019e-05
 -6.4833454e-05
  2.3721266e-05
  7.4654934e-05
  2.2900702e-05
  1.2880975e-01
  2.8082401e-01
  6.9169866e-05
  6.7855090e-02
  1.0152233e-01
  5.7843024e-01
  1.3061029e+00
  4.5042608e-02
  9.1521949e-01
  2.9488778e-01
  1.3703945e+00
  1.4051949e+00
  1.4231047e-04
  2.8194958e-01
  1.4543747e+00
  2.0559923e-05
  5.1859401e-02
  2.8541514e-01
 -3.0475618e-05
  2.6314473e-01
 -3.1484753e-01
  3.4230721e-01
  3.1181878e-01
 -2.5120618e+00
 -5.1195979e-02
 -2.1260304e-04
  2.2264273e+00
 -1.3919094e+00
 -4.9496282e-02
 -5.8184600e-01
  6.3702685e-01
 -8.1418365e-01
 -6.4768456e-02
 -3.6771047e-01
 -2.1633781e-01
  2.4767051e+00
 -1.1291904e+00
  4.3334059e-02
  3.0747974e+00
 -1.6323695e-02
 -7.8597151e-02
  3.2352324e-05
 -5.8320385e-01
 -1.7020211e+00
 -3.9524761e-01
 -1.0113020e+00
 -2.6476214e+00
 -5.0889951e-01
  1.5586573e-05
 -6.1824036e-01
 -1.5675342e+00
  1.8566350e+00
  6.5671355e-01
  4.5110422e-01
  2.7144687e+00
  3.8464892e-01
  2.4680381e-01
 -2.1311220e-05
 -1.3163226e+00
 -4.8516533e-01
 -1.8936487e-05
 -4.3554664e-01
 -2.5050062e-01
 -8.7752968e-01
 -2.2837819e-01
 -1.5725479e+00
  6.5250200e-01
 -4.9950399e-02
  5.7339996e-01
  4.0796572e-01
  3.9848029e-03
  2.4300236e-01
 -4.2425299e-01
  4.1030080e-04
 -1.0522566e-01
 -9.5364586e-02
  5.0759598e-05
 -3.1305611e-02
  7.7885216e-01
 -4.2534557e-05
 -5.7866436e-04
 -4.7361650e-02
  3.1923065e-01
  5.5608201e-01
  8.5625499e-01
  5.0179803e-01
  1.0615424e+00
  8.4468758e-01
  8.1231747e-07
  1.2452701e+00
  2.9130226e-01
  4.0087753e-04
  2.7522033e-01
  3.2886408e-02
  8.2852656e-01
  8.1462032e-01
  4.6157372e-01
  1.7157769e-03
  4.7959608e-01
 -6.8716878e-01
  1.7618001e-01
 -6.2208563e-01
 -2.5590109e-02
 -8.3767545e-01
  6.7544091e-01
 -5.8552320e-03
 -3.2100249e-02
 -2.7386105e-01
 -5.1127613e-01
  2.2338447e-01
 -1.4927374e-01
 -3.6212003e-01
 -2.5247151e-01
  1.5678738e-01
 -1.4101742e-01
  4.2187206e-05
  1.7451604e-04
 -2.2825340e-03
  1.7156509e-01
  3.4455013e-01
  5.4457748e-01
  3.2044762e-01
  3.0079614e-02
  5.1554508e-04
  1.4434114e-01
  1.5517859e-01
 -3.1054853e-03
  1.8115987e-01
  1.1663950e-01
 -3.8993537e-02
  5.1419359e-01
 -2.3551080e-01
  1.3073677e-01
 -1.0780799e-01
 -4.8155047e-02
 -4.5956014e-05
  4.7900341e-02
  1.0546942e+00
 -3.6684018e-01
  5.9873644e-02
  2.9010147e-02
 -1.3595474e-02
 -1.8576793e-05
  3.9633229e-01
  3.1250596e-01
  3.0302632e-01
 -2.8587243e-01
 -8.1079626e-01
 -1.9145706e-01
 -4.7075251e-01
 -7.0806545e-01
 -6.4460459e-05
 -1.7019847e-02
 -5.1542187e-01
 -1.5323924e-01
  9.7705513e-02
 -1.3518597e-01
 -2.6563463e-01
 -6.0595194e-05
 -1.2660813e-01
 -1.2099510e-01
 -4.7979651e-05
 -1.5141389e-01
  2.0191762e-01
 -3.0196554e-04
 -8.8261321e-02
  2.6110971e-01
  9.6855782e-02
  6.1890237e-02
  2.1821773e-01
  1.6446835e-01
  1.3042980e-01
 -3.7669635e-01
  1.4824237e-01
  2.3024883e-02
 -5.1196742e-01
  3.2347314e-02
  9.3787037e-02
  3.3623260e-03
  1.3694446e+00
  2.8612798e-03
 -3.0877361e-01
  1.6473117e-01
  5.0203066e-04
 -3.6359435e-01
  2.8153434e-01
 -2.1769843e-01
  4.7894057e-02
  4.1094300e-01
 -4.4236816e-02
 -1.7924996e-02
  2.3738041e-03
  2.4056597e-01
 -1.0263953e-01
  3.3018552e-02
  2.0915318e-01
 -2.5797612e-03
  1.7082587e-01
  1.5286762e-01
  6.8286649e-04
  2.8011139e-02
  6.1171465e-02
  6.1368740e-01
 -5.4784459e-01
  1.9413945e-01
  5.3112145e-04
  2.0336273e-01
  4.2838126e-01
  9.9849468e-04
  2.5640652e-01
 -6.9476411e-02
 -7.4398145e-02
  3.6412856e-01
  1.9542044e-01
  6.2994152e-02
  7.7747327e-01
  1.2080295e-02
 -4.9981630e-01
  4.2349645e-01
  8.4816396e-02
  1.4401879e-02
  5.7431031e-02
  9.6498191e-02
 -9.7594135e-02
 -1.5150378e-02
 -5.7332774e-05
  7.1556963e-02
 -1.3262733e-05
  4.2771079e-02
 -2.0609747e-01
  5.3004199e-03
  5.6642103e-01
 -1.7681575e-01
  2.1599545e-01
 -1.9591780e-02
 -1.0124431e-01
  1.0605152e-01
  1.3072196e-01
 -1.8755171e-01
 -1.3688153e-01
  8.1231748e-04
  1.5508389e-01
  2.6945335e-01
 -7.8602433e-01
 -6.7913562e-01
 -6.6421950e-01
  5.1192057e-01
  8.2568921e-02
 -2.7119864e-02
  8.1826843e-02
  7.9297519e-01
 -1.1389430e+00
  2.6025438e-01
 -3.9867771e-01
  6.4505190e-02
  2.5918594e-01
  4.8864130e-02
 -4.3000508e-02
 -3.3977434e-01
  7.9011065e-01
 -7.7526665e-01
  5.5653691e-01
 -1.5520462e+00
  4.0246528e-01
  2.7783105e-01
 -6.0459077e-01
  1.5490814e-01
 -2.7510595e-02
 -3.7126738e-01
 -9.6812837e-02
  9.9347963e-05
  7.2713889e-02
  9.1969609e-02
 -1.6984594e-01
 -3.3351856e-01
  1.2870544e-01
  9.8989852e-02
 -1.1293794e-01
 -3.7033182e-01
  2.5392517e-01
  1.2076735e-01
 -7.7343923e-03
  8.3704543e-01
  6.7886931e-01
  1.7031938e-01
 -1.6084477e-01
 -1.1132179e+00
  1.7688088e-01
  3.0631470e-03
 -6.3032368e-03
 -2.7313906e-01
 -4.9077812e-01
  9.8859899e-02
  6.7275488e-01
 -3.5467172e-01
 -4.2520797e-01
  3.1198973e-02
  9.4868369e-02
 -5.2993096e-02
 -1.9536591e-01
 -6.0743809e-04
  3.0994222e-01
 -2.0163354e-01
 -5.5201739e-01
 -1.1916637e-01
 -4.0431365e-01
  7.4464440e-02
 -3.2201931e-01
 -5.0917637e-01
  6.3636976e-01
  1.5891112e-01
 -3.2514330e-02
 -6.3609287e-02
 -1.0669951e+00
 -2.9553071e-02
  1.3188946e-01
 -3.2876542e-01
  4.0164763e-01
 -3.4609062e-04
 -2.0195612e-01
  6.6119246e-04
  3.2979239e-02
  4.0898049e-01
 -3.7713620e-01
  1.6254015e+00
  3.6765167e-01
 -1.0246016e-03
 -2.5369434e+00
 -2.2233944e+00
  8.2621431e-01
 -2.7868664e-01
 -1.7504432e+00
 -5.8934748e-01
  5.2964264e-01
 -2.1741660e-01
  1.8969762e+00
  1.1119158e+00
 -1.5651743e-01
 -9.9284935e-01
 -2.8752944e-01
 -1.0982444e+00
 -4.7078058e-02
 -1.5635476e-03
  9.4530958e-01
 -4.5987487e-01
 -3.8289595e-01
 -8.7108094e-01
  4.7741836e-01
  2.9546994e-01
  7.0115739e-01
  3.7744004e-01
  3.7812922e-02
 -1.7043912e-01
 -1.2371159e-01
  3.2353837e-02
 -1.4434420e+00
 -1.8355299e+00
  3.1641126e-01
  9.5146734e-01
 -5.2545998e-05
 -1.3504924e-01
 -1.6206554e-03
  1.3557285e+00
  2.7628437e-01
 -3.0981597e-02
  4.3154219e-01
  5.3443843e-01
 -1.5340197e-01
  2.0293802e-02
 -4.8134127e-01
  2.5406384e-01
  7.4213439e-01
  1.3340551e+00
 -1.9784433e+00
 -3.9995480e-01
  4.0684810e-01
  1.3030953e+00
  1.5976718e-01
  5.4966170e-02
 -4.1666594e-01
  1.1986341e+00
  4.6961689e-01
  4.3378538e-01
 -3.4429199e-01
 -8.9012963e-01
  2.3261504e-01
  2.7958637e-01
 -2.0881860e+00
 -1.4599527e+00
 -1.1529292e-01
  2.7086315e+00
 -2.2336693e+00
 -1.1004719e-01
  1.3224958e+00
  1.2069191e+00
  1.2350984e+00
  2.4616598e-01
  5.5007309e-01
 -4.0654695e-01
  6.2813485e-01
 -3.5092330e-01
  2.3394138e-01
 -5.0696057e-01
  6.4921647e-01
 -3.4237441e-02
  1.0598129e-01
  8.4423053e-05
  9.0652460e-01
 -1.6286550e-04
 -2.8722921e-05
 -6.1706496e-06
 -1.5150172e-03
 -5.5858232e-05
  4.5708239e-01
  9.1372550e-01
  8.5933578e-05
  1.8462394e-01
 -4.5897905e-05
 -6.1980047e-04
  1.3622511e-04
 -7.4488652e-01
  4.8765120e-05
  1.3965786e-04
 -4.1940603e-02
 -1.4681712e-04
 -4.5807996e-05
  1.5300357e-01
 -5.6419644e-04
  3.4100365e-05
  1.7351538e-05
 -6.0880059e-01
  4.1279531e-05
 -3.4919303e-05
  3.0226374e-01
 -1.5630349e-04
  3.2106541e-02
 -2.1196461e-01
 -7.1007830e-01
 -2.5531719e+00
 -5.3739929e-01
 -3.4126220e-03
 -3.6236004e-05
  4.5840836e-01
  6.7000407e-01
 -2.2369989e-03
  2.7524519e-01
  1.0303301e-01
  3.9474088e-01
  1.7087716e-01
 -3.8021553e-02
  9.8419629e-02
  2.7775365e-01
 -2.1754496e+00
  1.8318780e-05
  4.3504781e-01
 -3.6442462e-01
 -4.4884452e-01
  5.1062375e-02
 -1.0406990e+00
 -6.6095704e-01
  1.6831605e-04
  3.4791967e-01
  1.1190207e+00
  3.4921213e-05
  3.6580113e-04
  5.2676165e-01
  2.3456283e-02
  4.7062173e-01
  9.1066074e-01
 -7.5337320e-04
  1.5408813e-04
 -1.5755384e+00
 -1.2722288e-03
 -6.9228217e-06
  8.1222504e-02
 -9.0046656e-01
 -4.4919696e-05
  1.9706411e-02
  4.8672784e-02
  8.8293136e-06
  8.3544524e-05
  2.4748747e-03
  6.6205655e-04
 -1.0544326e+00
 -2.2645037e+00
 -3.2312953e-01
  8.8563953e-03
 -9.2670694e-02
  1.8876245e+00
 -3.4701793e+00
  2.8177178e+00
  8.1901664e-01
 -1.9864942e+00
 -1.0916959e+00
 -3.5205923e-02
 -5.8360404e-01
 -8.2473391e-01
 -1.6264243e+00
 -3.4401643e-01
  1.6871815e+00
  2.3701379e-02
 -1.0217118e-01
 -1.3517427e-04
  2.8282845e-01
 -8.1388080e-01
  8.0852282e-01
 -2.5917363e-01
  3.2443744e-01
  1.1114315e+00
 -5.4238623e-01
  2.5600490e-01
 -4.3944367e-03
  1.9524822e-01
 -2.0694520e-01
 -1.7008691e-01
  1.7369721e-02
  2.7135869e-05
 -1.3192210e-01
  1.1504085e-01
 -2.1477105e-04
 -1.1590005e-01
  6.3867740e-02
 -1.4380729e-04
 -6.1294359e-06
 -2.8049946e-02
  3.5425365e-01
  3.7780017e-01
 -1.0795033e-01
 -1.2553822e-01
  4.8860798e-05
  6.7479126e-02
 -5.2597612e-02
  2.3528448e-01
 -5.5303204e-01
  8.2254000e-03
  2.0866463e-01
  1.2857091e-01
 -1.7140028e+00
  1.1876289e+00
 -2.4467598e-01
  2.6363373e+00
 -1.3731714e+00
  4.3840685e-01
 -4.1811028e-01
  3.1758183e-01
 -3.1145307e-01
 -2.2667548e-01
 -2.3595485e-05
  6.0809213e-01
 -1.1337715e-05
 -9.5450932e-01
  2.0231876e-01
 -4.3787488e-01
 -5.3600247e-06
  6.3139385e-01
 -5.7919263e-03
  1.9313273e-01
 -1.9468114e-01
  2.0225683e-01
 -3.8096938e-01
 -7.5119510e-02
 -1.2807120e-01
  1.4567079e-01
 -3.4807074e+00
  4.0025320e+00
 -2.6012957e+00
  6.4192437e-02
  4.9747372e-01
 -1.1678249e+00
 -6.1216060e-02
 -8.0721572e-02
 -2.2728140e+00
  3.4376744e-02
  1.9842371e-01
  1.1947496e+00
  9.8252338e-01
 -3.4659830e-01
  3.2850212e-01
  9.3074203e-02
  1.0687493e+00
 -1.4573632e-01
  1.5134900e-03
 -9.1866571e-03
  1.1312409e-03
 -1.0072511e+00
 -1.7607031e+00
 -6.7670739e-01
 -2.7397006e+00
  8.6159283e-01
  1.2602811e-01
 -3.0065356e-05
 -4.3586090e-02
  8.6302131e-01
  5.8538151e-01
 -5.2034935e-05
 -8.1891161e-01
  1.9514198e+00
 -6.9344604e-01
  1.9198726e+00
  3.4726746e+00
  8.3870210e-02
 -1.1133949e+00
 -3.4573379e-05
 -1.6597461e+00
  9.7848982e-02
  4.1395912e-01
 -2.7275184e-01
  2.5238464e+00
 -6.4295101e-01
 -2.0169668e-01
  1.5919553e-02
 -2.9698679e+00
 -2.4056299e+00
  5.0887764e-01
  1.9246459e-01
 -1.3110881e-01
 -1.9747713e-01
  2.7917227e-01
 -1.3708527e+00
  1.4319913e+00
  6.4547591e-02
 -2.4756511e-01
 -8.2492518e-01
  9.2741138e-01
 -1.1508645e-01
 -4.7520265e-02
 -3.6784631e-01
 -5.1636763e-02
  1.4191881e-01
 -7.1466041e-01
 -1.1060791e-01
  1.1501873e-01
 -2.4874127e-01
  1.9462201e-01
  2.1073104e-01
 -2.4643242e-01
 -5.2216791e-02
  5.5574868e-02
  6.9536656e-02
  3.5376254e-02
 -1.0487578e-01
  2.2292736e-01
  1.0227005e-01
  3.5994646e-01
  1.8069696e-02
  4.8742467e-01
  1.5464267e-01
  6.1463282e-02
 -8.6791269e-02
 -1.2115096e-01
 -1.6409393e-01
 -1.4182357e-01
  7.3566253e-04
  6.6277191e-02
 -7.4309945e-01
  3.6400542e-02
 -5.7038629e-01
 -9.1442741e-02
 -3.5743862e-01
 -4.4981274e-01
 -1.4289117e-01
 -3.0535823e-01
  1.2176997e-01
  1.3822595e+00
  1.4628635e-01
  7.4174267e-01
  3.2602522e-01
  1.7392121e-01
  4.7589710e-01
  2.5497520e-01
  1.9670728e-01
  2.3507118e-01
  2.4021509e-01
  1.8542379e-01
  2.0041123e-01
  2.2486831e-01
  1.7309591e-01
  1.8245065e-01
  1.8988085e-01
  1.5211272e-01
  1.5384368e+00
  2.6838766e+01
  8.7120380e+00
  1.8625426e+00
  6.7526183e+00
  4.1114964e+00
  2.0165164e+00
  3.6804183e+00
  2.9178178e+00
  1.6792315e+00
  2.9371054e+00
  2.8213661e+00
  2.0875573e+00
  2.5187519e+00
  3.1267803e+00
  2.3896840e+00
  8.1056631e-01
  6.0021720e+00
  7.8278656e+00
  1.5935168e+00
  1.3587185e+00
  3.6953011e+00
  1.2909673e+00
  9.9827635e-01
  1.4107348e+00
  1.8543682e+00
  1.5673847e+00
  1.0048572e+00
  1.9214562e+00
  1.4588320e+00
  1.2782835e+00
  1.1384395e+00
  5.4435211e-01
  5.4140511e+00
  6.0090666e+00
  6.2279105e-01
  1.3398030e+00
  2.8853631e+00
  6.5330416e-01
  1.1793087e+00
  1.5161966e+00
  6.7517388e-01
  6.3346273e-01
  1.0287971e+00
  7.0679069e-01
  6.3730383e-01
  1.1698966e+00
  7.8186494e-01
  3.4442684e-01
  3.6598277e+00
  3.5128629e+00
  3.4355116e-01
  7.9452568e-01
  1.4621323e+00
  3.0803198e-01
  6.1232746e-01
  8.1619072e-01
  2.8306395e-01
  5.4867905e-01
  5.8345759e-01
  4.2802572e-01
  5.7097948e-01
  4.5406011e-01
  5.0088692e-01
